0 0.47448813513648486 0.857421875 0.03320146410203029 0.09147135416666667 0.4765625 0.8639322916666666 2 0.489013671875 0.8125 0.4873046875 0.8118489583333334 0.485595703125 0.8118489583333334 0.48291015625 0.8134765625 0.481689453125 0.8151041666666666 0.480712890625 0.8177083333333334 0.47607421875 0.82421875 0.474365234375 0.8258463541666666 0.47265625 0.828125 0.469482421875 0.8307291666666666 0.465576171875 0.8356119791666666 0.463134765625 0.8401692708333334 0.4619140625 0.84375 0.460693359375 0.849609375 0.4599609375 0.8557942708333334 0.4599609375 0.8688151041666666 0.460693359375 0.8723958333333334 0.4609375 0.8779296875 0.458251953125 0.8818359375 0.4580078125 0.8837890625 0.45849609375 0.8857421875 0.459228515625 0.88671875 0.462158203125 0.8863932291666666 0.464111328125 0.8873697916666666 0.465087890625 0.888671875 0.466064453125 0.892578125 0.46484375 0.8974609375 0.46484375 0.9000651041666666 0.465087890625 0.9013671875 0.4658203125 0.9029947916666666 0.46728515625 0.9029947916666666 0.470947265625 0.8977864583333334 0.473876953125 0.8958333333333334 0.477783203125 0.89453125 0.478759765625 0.8938802083333334 0.479736328125 0.892578125 0.48046875 0.8909505208333334 0.482177734375 0.888671875 0.482666015625 0.8873697916666666 0.48388671875 0.8772786458333334 0.4853515625 0.8746744791666666 0.487548828125 0.8717447916666666 0.48974609375 0.8668619791666666 0.490966796875 0.861328125 0.490966796875 0.8411458333333334 0.489990234375 0.8365885416666666 0.48828125 0.8323567708333334 0.48779296875 0.8291015625 0.48828125 0.8238932291666666 0.48876953125 0.8219401041666666 0.489990234375 0.8190104166666666 0.49072265625 0.8151041666666666 0.490478515625 0.8141276041666666
0 0.602417328615541 0.7696951086190911 0.16552517766507868 0.10807068401026305 0.677490234375 0.8024088541666666 2 0.520263671875 0.72265625 0.519775390625 0.7268880208333334 0.5234375 0.7320963541666666 0.549072265625 0.7516276041666666 0.55615234375 0.7591145833333334 0.560791015625 0.7610677083333334 0.572021484375 0.7688802083333334 0.584716796875 0.7747395833333334 0.59375 0.7819010416666666 0.598876953125 0.7880859375 0.601318359375 0.7955729166666666 0.607177734375 0.806640625 0.614013671875 0.8160807291666666 0.61767578125 0.8186848958333334 0.62353515625 0.8212890625 0.633544921875 0.8232421875 0.64990234375 0.8235677083333334 0.654296875 0.822265625 0.657958984375 0.8225911458333334 0.66162109375 0.8216145833333334 0.669921875 0.8170572916666666 0.681640625 0.8154296875 0.683349609375 0.8141276041666666 0.684814453125 0.8115234375 0.68505859375 0.80859375 0.683837890625 0.8053385416666666 0.676513671875 0.7975260416666666 0.670654296875 0.7893880208333334 0.662353515625 0.7802734375 0.659423828125 0.7760416666666666 0.64990234375 0.7679036458333334 0.6474609375 0.7649739583333334 0.64111328125 0.7607421875 0.632080078125 0.7578125 0.621826171875 0.7578125 0.61328125 0.7604166666666666 0.60986328125 0.7623697916666666 0.60693359375 0.7652994791666666 0.602294921875 0.7662760416666666 0.586181640625 0.7591145833333334 0.57177734375 0.7503255208333334 0.56591796875 0.7451171875 0.560791015625 0.7428385416666666 0.55517578125 0.7389322916666666 0.541015625 0.7272135416666666 0.53515625 0.7190755208333334 0.53271484375 0.716796875 0.5283203125 0.7158203125 0.52490234375 0.7190755208333334 0.521484375 0.720703125
0 0.622310703390767 0.7657849359408587 0.14818111886056018 0.08203626502534093 0.67578125 0.7679036458333334 2 0.548583984375 0.7255859375 0.54833984375 0.7272135416666666 0.55029296875 0.7311197916666666 0.556884765625 0.7379557291666666 0.563720703125 0.7418619791666666 0.572021484375 0.7444661458333334 0.578125 0.7483723958333334 0.583984375 0.75 0.58837890625 0.7526041666666666 0.59619140625 0.7542317708333334 0.6103515625 0.7604166666666666 0.614990234375 0.7600911458333334 0.620361328125 0.7584635416666666 0.630859375 0.7581380208333334 0.634521484375 0.7587890625 0.64111328125 0.7613932291666666 0.65185546875 0.76953125 0.659912109375 0.7737630208333334 0.662353515625 0.7779947916666666 0.67041015625 0.7874348958333334 0.6767578125 0.7965494791666666 0.68310546875 0.802734375 0.685546875 0.806640625 0.689453125 0.8063151041666666 0.69287109375 0.8050130208333334 0.69287109375 0.8040364583333334 0.690185546875 0.8001302083333334 0.692138671875 0.7884114583333334 0.689453125 0.7835286458333334 0.68798828125 0.7718098958333334 0.68896484375 0.7685546875 0.6904296875 0.7666015625 0.695556640625 0.7643229166666666 0.6962890625 0.7620442708333334 0.693603515625 0.7587890625 0.68798828125 0.7578125 0.68359375 0.7516276041666666 0.677001953125 0.7464192708333334 0.67333984375 0.7467447916666666 0.669677734375 0.7503255208333334 0.666259765625 0.7496744791666666 0.66162109375 0.7457682291666666 0.652099609375 0.7399088541666666 0.63818359375 0.7337239583333334 0.633056640625 0.732421875 0.627685546875 0.732421875 0.62255859375 0.7340494791666666 0.6142578125 0.7399088541666666 0.60693359375 0.740234375 0.594482421875 0.7379557291666666 0.580810546875 0.7330729166666666 0.572509765625 0.7311197916666666 0.560302734375 0.7252604166666666 0.552978515625 0.7249348958333334
0 0.5949845230817097 0.7023112278646515 0.13111561090403667 0.05403400451729571 0.646728515625 0.7027994791666666 2 0.660400390625 0.7044270833333334 0.659912109375 0.7008463541666666 0.658447265625 0.6966145833333334 0.65380859375 0.6878255208333334 0.64697265625 0.6809895833333334 0.64306640625 0.67578125 0.64111328125 0.6754557291666666 0.638916015625 0.6764322916666666 0.637451171875 0.6800130208333334 0.635009765625 0.6829427083333334 0.62939453125 0.681640625 0.622314453125 0.6783854166666666 0.612548828125 0.6761067708333334 0.5986328125 0.6767578125 0.594970703125 0.6780598958333334 0.58837890625 0.6829427083333334 0.580810546875 0.6930338541666666 0.57763671875 0.6982421875 0.57568359375 0.6995442708333334 0.547607421875 0.701171875 0.533447265625 0.7001953125 0.5322265625 0.7008463541666666 0.5302734375 0.7034505208333334 0.529541015625 0.7060546875 0.530517578125 0.7080078125 0.532470703125 0.7099609375 0.537353515625 0.712890625 0.54248046875 0.7138671875 0.560302734375 0.7135416666666666 0.563720703125 0.7141927083333334 0.5712890625 0.716796875 0.583984375 0.7194010416666666 0.587646484375 0.7210286458333334 0.595458984375 0.7265625 0.59765625 0.7275390625 0.607666015625 0.7291666666666666 0.61474609375 0.7275390625 0.62451171875 0.7236328125 0.634033203125 0.7161458333333334 0.63720703125 0.7151692708333334 0.638916015625 0.7154947916666666 0.642333984375 0.7203776041666666 0.64794921875 0.7210286458333334 0.649169921875 0.7216796875 0.651123046875 0.724609375 0.653564453125 0.724609375 0.658447265625 0.7154947916666666
0 0.5726325456727508 0.3232421875 0.08642436177949842 0.1123046875 0.59912109375 0.3004557291666667 2 0.60009765625 0.2672526041666667 0.59912109375 0.2672526041666667 0.597900390625 0.2692057291666667 0.5966796875 0.2734375 0.5966796875 0.2776692708333333 0.5947265625 0.2796223958333333 0.591064453125 0.2805989583333333 0.587890625 0.2841796875 0.58642578125 0.2880859375 0.586181640625 0.2932942708333333 0.585205078125 0.2962239583333333 0.58056640625 0.3014322916666667 0.568603515625 0.3092447916666667 0.567138671875 0.3108723958333333 0.563232421875 0.3177083333333333 0.560546875 0.3255208333333333 0.558349609375 0.3512369791666667 0.55615234375 0.3580729166666667 0.552978515625 0.3616536458333333 0.548828125 0.3639322916666667 0.541259765625 0.3655598958333333 0.53466796875 0.3658854166666667 0.5322265625 0.3668619791666667 0.530517578125 0.3688151041666667 0.529541015625 0.3717447916666667 0.530029296875 0.3759765625 0.531005859375 0.3779296875 0.532958984375 0.3792317708333333 0.54052734375 0.3792317708333333 0.547607421875 0.3782552083333333 0.5517578125 0.376953125 0.555908203125 0.3736979166666667 0.560302734375 0.373046875 0.5634765625 0.3717447916666667 0.571533203125 0.3645833333333333 0.58349609375 0.3600260416666667 0.58935546875 0.3551432291666667 0.59375 0.3502604166666667 0.598388671875 0.337890625 0.600341796875 0.333984375 0.602783203125 0.3268229166666667 0.608154296875 0.3196614583333333 0.611083984375 0.3125 0.61572265625 0.3056640625 0.61572265625 0.3037109375 0.607177734375 0.2913411458333333 0.60498046875 0.2845052083333333 0.60107421875 0.2809244791666667 0.60009765625 0.279296875 0.599853515625 0.2770182291666667 0.600830078125 0.2692057291666667
0 0.5671381160482974 0.29019708186129517 0.08422717354150588 0.14712593455592363 0.591552734375 0.24609375 2 0.607666015625 0.216796875 0.6064453125 0.216796875 0.60009765625 0.2197265625 0.599365234375 0.22102864583333334 0.599609375 0.22591145833333334 0.597900390625 0.23046875 0.595947265625 0.232421875 0.582763671875 0.234375 0.5712890625 0.23470052083333334 0.5654296875 0.23600260416666666 0.558837890625 0.24055989583333334 0.55419921875 0.2470703125 0.55126953125 0.2535807291666667 0.548828125 0.2626953125 0.548095703125 0.2740885416666667 0.5458984375 0.28515625 0.5419921875 0.2955729166666667 0.539794921875 0.2998046875 0.53466796875 0.3167317708333333 0.53125 0.3245442708333333 0.530029296875 0.3297526041666667 0.52783203125 0.3346354166666667 0.525390625 0.345703125 0.525146484375 0.3531901041666667 0.52587890625 0.3590494791666667 0.527587890625 0.3626302083333333 0.529541015625 0.3636067708333333 0.536376953125 0.3603515625 0.537353515625 0.3583984375 0.5380859375 0.3525390625 0.537841796875 0.3460286458333333 0.5390625 0.3365885416666667 0.539794921875 0.333984375 0.542236328125 0.3304036458333333 0.54345703125 0.3271484375 0.547119140625 0.3092447916666667 0.5498046875 0.3030598958333333 0.55517578125 0.2952473958333333 0.55810546875 0.2926432291666667 0.5634765625 0.2906901041666667 0.571533203125 0.2900390625 0.5771484375 0.2864583333333333 0.5849609375 0.2770182291666667 0.58740234375 0.2721354166666667 0.59033203125 0.2682291666666667 0.592041015625 0.2646484375 0.5927734375 0.2613932291666667 0.595458984375 0.2545572916666667 0.597900390625 0.2513020833333333 0.60302734375 0.24674479166666666 0.6044921875 0.24446614583333334 0.60693359375 0.236328125 0.60595703125 0.23046875 0.606201171875 0.22721354166666666 0.609130859375 0.2216796875 0.60888671875 0.21940104166666666
1 0.3690185546875 0.46319458731574975 0.03662109375 0.05310301286850053 0.370849609375 0.46875 2 0.36865234375 0.4368489583333333 0.367919921875 0.4371744791666667 0.3671875 0.4375 0.36669921875 0.4381510416666667 0.366455078125 0.4381510416666667 0.3662109375 0.4384765625 0.3662109375 0.4388020833333333 0.36572265625 0.4397786458333333 0.36474609375 0.4410807291666667 0.3642578125 0.4410807291666667 0.36328125 0.4404296875 0.362060546875 0.4401041666666667 0.3603515625 0.4401041666666667 0.359130859375 0.4404296875 0.358154296875 0.4407552083333333 0.357421875 0.4417317708333333 0.357177734375 0.4423828125 0.35693359375 0.4430338541666667 0.356689453125 0.4440104166666667 0.356689453125 0.4466145833333333 0.35693359375 0.4479166666666667 0.357666015625 0.4495442708333333 0.358154296875 0.451171875 0.3583984375 0.4541015625 0.3583984375 0.455078125 0.358154296875 0.4560546875 0.357421875 0.4573567708333333 0.356689453125 0.4583333333333333 0.35595703125 0.458984375 0.3544921875 0.4599609375 0.353515625 0.4602864583333333 0.35302734375 0.4606119791666667 0.3525390625 0.4609375 0.3515625 0.4622395833333333 0.35107421875 0.4638671875 0.350830078125 0.4651692708333333 0.350830078125 0.466796875 0.35107421875 0.46875 0.3515625 0.4703776041666667 0.351806640625 0.4720052083333333 0.351806640625 0.4765625 0.35205078125 0.4775390625 0.352294921875 0.4781901041666667 0.3525390625 0.4788411458333333 0.353515625 0.4801432291666667 0.355224609375 0.4811197916666667 0.35595703125 0.4817708333333333 0.356689453125 0.4827473958333333 0.357421875 0.4840494791666667 0.35791015625 0.4856770833333333 0.358642578125 0.4866536458333333 0.359375 0.4873046875 0.35986328125 0.4876302083333333 0.3603515625 0.4879557291666667 0.361083984375 0.48828125 0.363037109375 0.4886067708333333 0.36865234375 0.4886067708333333 0.37158203125 0.4895833333333333 0.3740234375 0.4895833333333333 0.375732421875 0.4892578125 0.376708984375 0.4889322916666667 0.377197265625 0.4886067708333333 0.377685546875 0.48828125 0.37939453125 0.4860026041666667 0.3798828125 0.4850260416666667 0.38037109375 0.4840494791666667 0.380615234375 0.4833984375 0.381103515625 0.4807942708333333 0.3818359375 0.4788411458333333 0.38427734375 0.4755859375 0.384521484375 0.4749348958333333 0.384765625 0.47265625 0.385009765625 0.4723307291666667 0.385009765625 0.4716796875 0.384765625 0.4710286458333333 0.384521484375 0.4703776041666667 0.383544921875 0.4690755208333333 0.3828125 0.4671223958333333 0.3828125 0.46484375 0.383056640625 0.4638671875 0.38330078125 0.4632161458333333 0.3837890625 0.4622395833333333 0.384521484375 0.4612630208333333 0.38623046875 0.4593098958333333 0.386474609375 0.4586588541666667 0.38671875 0.4580078125 0.386962890625 0.45703125 0.38720703125 0.455078125 0.38720703125 0.44921875 0.386962890625 0.4482421875 0.38671875 0.447265625 0.386474609375 0.4466145833333333 0.385986328125 0.4456380208333333 0.385498046875 0.4453125 0.384765625 0.4446614583333333 0.38134765625 0.4423828125 0.380126953125 0.4417317708333333 0.37939453125 0.4417317708333333 0.378173828125 0.4410807291666667 0.377685546875 0.4407552083333333 0.376220703125 0.439453125 0.374755859375 0.4384765625 0.3740234375 0.4381510416666667 0.37109375 0.4371744791666667 0.369873046875 0.4368489583333333
1 0.32995652600850134 0.5131620352324164 0.08544827610799727 0.04431395036850053 0.3076171875 0.5159505208333334 2 0.305908203125 0.4912109375 0.30517578125 0.4915364583333333 0.3046875 0.4918619791666667 0.303955078125 0.4925130208333333 0.30322265625 0.4931640625 0.302001953125 0.4947916666666667 0.30126953125 0.49609375 0.301025390625 0.4967447916666667 0.30078125 0.4973958333333333 0.300537109375 0.4983723958333333 0.300537109375 0.5006510416666666 0.30029296875 0.5009765625 0.30029296875 0.5029296875 0.300537109375 0.50390625 0.30078125 0.5048828125 0.301025390625 0.5055338541666666 0.301513671875 0.5065104166666666 0.30224609375 0.5078125 0.3037109375 0.509765625 0.30419921875 0.5107421875 0.3046875 0.51171875 0.3046875 0.5130208333333334 0.304443359375 0.513671875 0.30322265625 0.5152994791666666 0.302490234375 0.5159505208333334 0.302001953125 0.5162760416666666 0.30078125 0.5166015625 0.298583984375 0.5169270833333334 0.296142578125 0.5172526041666666 0.293701171875 0.5172526041666666 0.291259765625 0.5159505208333334 0.2900390625 0.5159505208333334 0.2890625 0.5166015625 0.2880859375 0.5166015625 0.28759765625 0.5169270833333334 0.287353515625 0.51953125 0.288330078125 0.5234375 0.289306640625 0.5260416666666666 0.289794921875 0.5270182291666666 0.290771484375 0.5286458333333334 0.2919921875 0.5302734375 0.292724609375 0.5315755208333334 0.293212890625 0.5325520833333334 0.29345703125 0.5335286458333334 0.2939453125 0.5345052083333334 0.29443359375 0.53515625 0.295654296875 0.53515625 0.297119140625 0.5348307291666666 0.298583984375 0.5345052083333334 0.29931640625 0.5341796875 0.30078125 0.533203125 0.302490234375 0.5328776041666666 0.30419921875 0.5319010416666666 0.305419921875 0.5315755208333334 0.306884765625 0.53125 0.308349609375 0.53125 0.31005859375 0.5309244791666666 0.312255859375 0.5299479166666666 0.314453125 0.5296223958333334 0.3154296875 0.529296875 0.31640625 0.5289713541666666 0.320556640625 0.5270182291666666 0.321533203125 0.5270182291666666 0.322509765625 0.5266927083333334 0.3232421875 0.5263671875 0.32470703125 0.525390625 0.325439453125 0.5250651041666666 0.326416015625 0.5247395833333334 0.327392578125 0.5244140625 0.32861328125 0.5240885416666666 0.329833984375 0.5237630208333334 0.3310546875 0.5237630208333334 0.332275390625 0.5234375 0.33349609375 0.5227864583333334 0.334716796875 0.5227864583333334 0.33544921875 0.5224609375 0.336181640625 0.5221354166666666 0.33837890625 0.5208333333333334 0.342041015625 0.5182291666666666 0.34375 0.517578125 0.344970703125 0.5172526041666666 0.346435546875 0.5169270833333334 0.348388671875 0.5166015625 0.357177734375 0.5166015625 0.36083984375 0.515625 0.363037109375 0.5152994791666666 0.36962890625 0.5152994791666666 0.37060546875 0.5149739583333334 0.371337890625 0.5146484375 0.371826171875 0.5143229166666666 0.37255859375 0.5133463541666666 0.37255859375 0.5120442708333334 0.3720703125 0.5110677083333334 0.37109375 0.509765625 0.370361328125 0.5091145833333334 0.369873046875 0.5087890625 0.369384765625 0.5084635416666666 0.368408203125 0.5081380208333334 0.367431640625 0.5078125 0.3662109375 0.5074869791666666 0.36474609375 0.5071614583333334 0.362548828125 0.5068359375 0.3583984375 0.5068359375 0.350341796875 0.5074869791666666 0.349609375 0.5074869791666666 0.345703125 0.5071614583333334 0.343994140625 0.5068359375 0.3427734375 0.5065104166666666 0.341796875 0.5061848958333334 0.3408203125 0.505859375 0.338623046875 0.5048828125 0.336669921875 0.5035807291666666 0.33447265625 0.5026041666666666 0.332275390625 0.5022786458333334 0.32861328125 0.5022786458333334 0.3271484375 0.5026041666666666 0.325927734375 0.5029296875 0.32470703125 0.5035807291666666 0.3232421875 0.50390625 0.320556640625 0.5042317708333334 0.31494140625 0.5042317708333334 0.314453125 0.50390625 0.3134765625 0.5026041666666666 0.313232421875 0.501953125 0.31298828125 0.5006510416666666 0.312744140625 0.4973958333333333 0.3125 0.49609375 0.312255859375 0.4951171875 0.311767578125 0.4934895833333333 0.3115234375 0.4928385416666667 0.311279296875 0.4925130208333333 0.310791015625 0.4921875 0.310302734375 0.4918619791666667 0.3095703125 0.4915364583333333 0.307861328125 0.4912109375
1 0.5512703616989849 0.6410854784516195 0.03979326097703029 0.09901393893009436 0.554931640625 0.6614583333333334 2 0.556396484375 0.591796875 0.55615234375 0.591796875 0.5556640625 0.5934244791666666 0.555419921875 0.5947265625 0.55517578125 0.5966796875 0.554931640625 0.6057942708333334 0.554931640625 0.6064453125 0.55517578125 0.615234375 0.554931640625 0.623046875 0.554443359375 0.6256510416666666 0.55419921875 0.626953125 0.553955078125 0.6276041666666666 0.5537109375 0.6282552083333334 0.55126953125 0.6315104166666666 0.550537109375 0.6328125 0.5498046875 0.6344401041666666 0.54931640625 0.6360677083333334 0.548828125 0.6383463541666666 0.54833984375 0.6393229166666666 0.5478515625 0.6399739583333334 0.547607421875 0.6399739583333334 0.546875 0.6409505208333334 0.54541015625 0.6419270833333334 0.544677734375 0.6419270833333334 0.544189453125 0.6416015625 0.542724609375 0.6396484375 0.542236328125 0.638671875 0.5419921875 0.6370442708333334 0.54150390625 0.6357421875 0.541015625 0.6350911458333334 0.54052734375 0.634765625 0.5400390625 0.634765625 0.538818359375 0.6350911458333334 0.537353515625 0.6357421875 0.537109375 0.6363932291666666 0.536865234375 0.6370442708333334 0.536865234375 0.6396484375 0.537109375 0.6409505208333334 0.537353515625 0.6422526041666666 0.53759765625 0.6432291666666666 0.539306640625 0.6474609375 0.539306640625 0.6490885416666666 0.53759765625 0.6513671875 0.537109375 0.6516927083333334 0.53466796875 0.6513671875 0.532958984375 0.6513671875 0.532470703125 0.6516927083333334 0.531982421875 0.65234375 0.53173828125 0.65234375 0.531494140625 0.654296875 0.53173828125 0.6549479166666666 0.531982421875 0.6552734375 0.532470703125 0.6555989583333334 0.532958984375 0.6559244791666666 0.53369140625 0.65625 0.53515625 0.65625 0.536376953125 0.6565755208333334 0.537109375 0.6572265625 0.537841796875 0.658203125 0.538330078125 0.6591796875 0.538330078125 0.662109375 0.53857421875 0.6634114583333334 0.538818359375 0.6640625 0.53955078125 0.6650390625 0.540283203125 0.6653645833333334 0.541259765625 0.6666666666666666 0.54150390625 0.6673177083333334 0.541748046875 0.66796875 0.5419921875 0.6689453125 0.5419921875 0.669921875 0.541748046875 0.6722005208333334 0.54150390625 0.6735026041666666 0.5400390625 0.6754557291666666 0.539306640625 0.67578125 0.53857421875 0.6764322916666666 0.5380859375 0.6770833333333334 0.537109375 0.6787109375 0.537109375 0.6796875 0.536865234375 0.6800130208333334 0.536865234375 0.6806640625 0.537109375 0.6842447916666666 0.537353515625 0.685546875 0.53759765625 0.6861979166666666 0.537841796875 0.6868489583333334 0.538330078125 0.6878255208333334 0.539794921875 0.6897786458333334 0.540283203125 0.6901041666666666 0.540771484375 0.6904296875 0.54150390625 0.6904296875 0.542724609375 0.6897786458333334 0.543212890625 0.689453125 0.5458984375 0.6858723958333334 0.54638671875 0.685546875 0.547607421875 0.6848958333333334 0.550537109375 0.6832682291666666 0.55126953125 0.6829427083333334 0.552490234375 0.6826171875 0.5537109375 0.6829427083333334 0.555419921875 0.68359375 0.55615234375 0.6839192708333334 0.556884765625 0.6842447916666666 0.55859375 0.685546875 0.559814453125 0.6868489583333334 0.56103515625 0.6878255208333334 0.564453125 0.6897786458333334 0.565673828125 0.6901041666666666 0.56689453125 0.6904296875 0.568359375 0.6904296875 0.56884765625 0.6901041666666666 0.569091796875 0.689453125 0.5693359375 0.6888020833333334 0.5693359375 0.6845703125 0.56884765625 0.6829427083333334 0.568115234375 0.6813151041666666 0.56787109375 0.6803385416666666 0.567626953125 0.6780598958333334 0.5673828125 0.6770833333333334 0.566650390625 0.6751302083333334 0.5654296875 0.6735026041666666 0.564453125 0.6728515625 0.562744140625 0.6705729166666666 0.56201171875 0.6692708333333334 0.5615234375 0.6682942708333334 0.561279296875 0.6676432291666666 0.560546875 0.6647135416666666 0.560546875 0.6608072916666666 0.56103515625 0.6591796875 0.5615234375 0.6588541666666666 0.563232421875 0.6585286458333334 0.565185546875 0.6585286458333334 0.566650390625 0.658203125 0.56787109375 0.6578776041666666 0.568359375 0.6575520833333334 0.56884765625 0.6572265625 0.5703125 0.6552734375 0.57080078125 0.654296875 0.571044921875 0.6536458333333334 0.571044921875 0.6507161458333334 0.57080078125 0.6490885416666666 0.5703125 0.6484375 0.569580078125 0.6477864583333334 0.56884765625 0.6474609375 0.5673828125 0.6471354166666666 0.566650390625 0.6468098958333334 0.56591796875 0.6461588541666666 0.5654296875 0.6455078125 0.564697265625 0.6435546875 0.564208984375 0.6412760416666666 0.56298828125 0.6357421875 0.5625 0.6334635416666666 0.561279296875 0.6253255208333334 0.56103515625 0.6240234375 0.560302734375 0.6217447916666666 0.560302734375 0.6188151041666666 0.56005859375 0.6171875 0.559326171875 0.6142578125 0.55908203125 0.6126302083333334 0.558837890625 0.6090494791666666 0.55859375 0.6002604166666666 0.558349609375 0.5963541666666666 0.55810546875 0.5950520833333334 0.557861328125 0.5940755208333334 0.5576171875 0.5930989583333334 0.557373046875 0.5924479166666666 0.55712890625 0.591796875
1 0.6865234375 0.7240932909516195 0.031005859375 0.029352480596761172 0.691650390625 0.7220052083333334 2 0.674072265625 0.7096354166666666 0.673583984375 0.7099609375 0.672607421875 0.7112630208333334 0.672119140625 0.7122395833333334 0.671142578125 0.71484375 0.671142578125 0.7154947916666666 0.671630859375 0.7164713541666666 0.672607421875 0.7177734375 0.6728515625 0.7184244791666666 0.673095703125 0.7194010416666666 0.67333984375 0.720703125 0.67333984375 0.72265625 0.6728515625 0.7252604166666666 0.6728515625 0.7275390625 0.673095703125 0.7288411458333334 0.67333984375 0.7294921875 0.674072265625 0.7307942708333334 0.674072265625 0.7314453125 0.674560546875 0.7320963541666666 0.675048828125 0.7340494791666666 0.67578125 0.7347005208333334 0.6767578125 0.7350260416666666 0.678955078125 0.7350260416666666 0.68017578125 0.7347005208333334 0.68115234375 0.7340494791666666 0.68212890625 0.734375 0.68310546875 0.7350260416666666 0.68505859375 0.7350260416666666 0.685791015625 0.7353515625 0.68701171875 0.736328125 0.687744140625 0.7366536458333334 0.6884765625 0.7366536458333334 0.68994140625 0.7376302083333334 0.690673828125 0.7379557291666666 0.691650390625 0.73828125 0.692626953125 0.7386067708333334 0.693603515625 0.7386067708333334 0.6943359375 0.73828125 0.69580078125 0.7373046875 0.6962890625 0.7366536458333334 0.696533203125 0.7360026041666666 0.69677734375 0.7350260416666666 0.697021484375 0.7314453125 0.69775390625 0.728515625 0.697998046875 0.7278645833333334 0.6982421875 0.7272135416666666 0.699951171875 0.7249348958333334 0.701171875 0.72265625 0.701904296875 0.7220052083333334 0.701904296875 0.7213541666666666 0.70166015625 0.720703125 0.701416015625 0.7203776041666666 0.699462890625 0.7180989583333334 0.699462890625 0.7177734375 0.69775390625 0.7154947916666666 0.697021484375 0.71484375 0.695556640625 0.7138671875 0.693603515625 0.7112630208333334 0.69287109375 0.7106119791666666 0.6923828125 0.7102864583333334 0.691162109375 0.7099609375 0.689697265625 0.7096354166666666 0.688720703125 0.7099609375 0.687255859375 0.7119140625 0.686767578125 0.7132161458333334 0.686279296875 0.7141927083333334 0.685791015625 0.71484375 0.68505859375 0.7154947916666666 0.684326171875 0.7158203125 0.68212890625 0.7161458333333334 0.681884765625 0.7164713541666666 0.68115234375 0.7164713541666666 0.68017578125 0.7161458333333334 0.6796875 0.7158203125 0.6787109375 0.7145182291666666 0.678466796875 0.7138671875 0.67822265625 0.7132161458333334 0.67822265625 0.7122395833333334 0.677978515625 0.7112630208333334 0.677001953125 0.7099609375 0.675048828125 0.7096354166666666
