0 0.4893798828125 0.7257486979166666 0.0390625 0.09830729166666667 0.484130859375 0.7288411458333334 2 0.506103515625 0.6767578125 0.50439453125 0.6767578125 0.5029296875 0.6783854166666666 0.50341796875 0.6848958333333334 0.502197265625 0.6875 0.50146484375 0.6904296875 0.50048828125 0.7067057291666666 0.4990234375 0.7122395833333334 0.49853515625 0.7164713541666666 0.497802734375 0.7184244791666666 0.496337890625 0.7200520833333334 0.494873046875 0.720703125 0.493408203125 0.7203776041666666 0.489013671875 0.71484375 0.487548828125 0.7119140625 0.48681640625 0.7109375 0.486328125 0.7109375 0.485595703125 0.7115885416666666 0.485107421875 0.7132161458333334 0.48291015625 0.7164713541666666 0.481689453125 0.7164713541666666 0.4794921875 0.71484375 0.4775390625 0.71484375 0.475341796875 0.7164713541666666 0.473876953125 0.71875 0.471435546875 0.7259114583333334 0.470947265625 0.7301432291666666 0.469970703125 0.7337239583333334 0.469970703125 0.7373046875 0.470703125 0.7395833333333334 0.471923828125 0.7464192708333334 0.47265625 0.7574869791666666 0.4736328125 0.7626953125 0.47412109375 0.7679036458333334 0.47509765625 0.7705078125 0.476806640625 0.7727864583333334 0.478271484375 0.7737630208333334 0.48388671875 0.7747395833333334 0.48828125 0.7747395833333334 0.491455078125 0.7740885416666666 0.49658203125 0.7705078125 0.49853515625 0.7672526041666666 0.49951171875 0.7643229166666666 0.501220703125 0.7574869791666666 0.501220703125 0.7506510416666666 0.502197265625 0.7412109375 0.502685546875 0.7386067708333334 0.5048828125 0.7320963541666666 0.505126953125 0.7255859375 0.50634765625 0.7210286458333334 0.50732421875 0.7112630208333334 0.507568359375 0.7047526041666666 0.50830078125 0.6998697916666666 0.50830078125 0.6940104166666666 0.5087890625 0.6907552083333334 0.5087890625 0.6822916666666666 0.508056640625 0.6790364583333334
0 0.5802215828177378 0.6349306354813699 0.13627110213466587 0.11197267556547441 0.63427734375 0.5989583333333334 2 0.648193359375 0.5914713541666666 0.646728515625 0.5904947916666666 0.641357421875 0.58984375 0.6396484375 0.5882161458333334 0.638427734375 0.5856119791666666 0.630615234375 0.5888671875 0.62939453125 0.5875651041666666 0.627685546875 0.5817057291666666 0.626708984375 0.5804036458333334 0.623046875 0.5791015625 0.622314453125 0.580078125 0.621826171875 0.5885416666666666 0.618408203125 0.5970052083333334 0.616943359375 0.5989583333333334 0.61083984375 0.6028645833333334 0.60107421875 0.6158854166666666 0.593994140625 0.6380208333333334 0.59326171875 0.6484375 0.59228515625 0.6536458333333334 0.590576171875 0.6572265625 0.587890625 0.6608072916666666 0.583251953125 0.6640625 0.576416015625 0.6676432291666666 0.563720703125 0.671875 0.556884765625 0.6728515625 0.544921875 0.6731770833333334 0.533203125 0.6702473958333334 0.5283203125 0.66796875 0.519775390625 0.6669921875 0.515380859375 0.6689453125 0.512939453125 0.671875 0.51220703125 0.673828125 0.5126953125 0.6787109375 0.513671875 0.6800130208333334 0.51708984375 0.6819661458333334 0.529296875 0.6848958333333334 0.538330078125 0.6891276041666666 0.54931640625 0.6907552083333334 0.58349609375 0.6826171875 0.59521484375 0.6770833333333334 0.606689453125 0.6731770833333334 0.614013671875 0.6692708333333334 0.624755859375 0.6608072916666666 0.62646484375 0.6578776041666666 0.62646484375 0.6529947916666666 0.625 0.6477864583333334 0.624755859375 0.6435546875 0.62255859375 0.6334635416666666 0.6220703125 0.6282552083333334 0.623046875 0.6136067708333334 0.62451171875 0.607421875 0.626953125 0.6041666666666666 0.631103515625 0.6018880208333334 0.6357421875 0.5973307291666666 0.6416015625 0.5940755208333334 0.646728515625 0.5927734375
0 0.5152592473880718 0.6070927554531838 0.0454086191642446 0.1194589484063675 0.518310546875 0.5680338541666666 2 0.52197265625 0.5475260416666666 0.520751953125 0.5475260416666666 0.519287109375 0.5485026041666666 0.517333984375 0.55078125 0.5146484375 0.5520833333333334 0.509521484375 0.5524088541666666 0.507080078125 0.5550130208333334 0.506103515625 0.5592447916666666 0.506103515625 0.5654296875 0.50439453125 0.5709635416666666 0.50390625 0.5807291666666666 0.50244140625 0.5865885416666666 0.500244140625 0.5927734375 0.498779296875 0.5947265625 0.494140625 0.5970052083333334 0.4931640625 0.5983072916666666 0.49267578125 0.5999348958333334 0.492919921875 0.6022135416666666 0.494384765625 0.6038411458333334 0.496337890625 0.6041666666666666 0.497314453125 0.6048177083333334 0.501708984375 0.6041666666666666 0.505126953125 0.607421875 0.50634765625 0.6100260416666666 0.50830078125 0.6188151041666666 0.510498046875 0.6227213541666666 0.511474609375 0.6272786458333334 0.511474609375 0.6435546875 0.5107421875 0.650390625 0.508056640625 0.6578776041666666 0.5078125 0.6598307291666666 0.508544921875 0.6634114583333334 0.510009765625 0.6653645833333334 0.51318359375 0.6666666666666666 0.51708984375 0.6650390625 0.520751953125 0.6588541666666666 0.522216796875 0.6552734375 0.524169921875 0.6455078125 0.525146484375 0.6422526041666666 0.525634765625 0.6389973958333334 0.525634765625 0.6331380208333334 0.528076171875 0.623046875 0.530517578125 0.6175130208333334 0.53466796875 0.6110026041666666 0.53662109375 0.6057942708333334 0.537353515625 0.6018880208333334 0.537353515625 0.5947265625 0.536865234375 0.5908203125 0.535400390625 0.5843098958333334 0.53515625 0.5797526041666666 0.53759765625 0.5748697916666666 0.537841796875 0.5703125 0.531005859375 0.5618489583333334 0.52880859375 0.5569661458333334 0.52490234375 0.5517578125 0.523681640625 0.5491536458333334
0 0.5762943186197098 0.5618437767885391 0.09277269088558027 0.13833599107707828 0.6142578125 0.5087890625 2 0.618408203125 0.4954427083333333 0.614990234375 0.4951171875 0.61083984375 0.4928385416666667 0.6064453125 0.4928385416666667 0.604736328125 0.4938151041666667 0.603759765625 0.4951171875 0.603271484375 0.4967447916666667 0.603759765625 0.5022786458333334 0.6015625 0.5068359375 0.600341796875 0.5084635416666666 0.59619140625 0.5113932291666666 0.591064453125 0.5169270833333334 0.5888671875 0.5198567708333334 0.58642578125 0.5250651041666666 0.584716796875 0.533203125 0.583984375 0.5406901041666666 0.580810546875 0.5553385416666666 0.576904296875 0.5660807291666666 0.569091796875 0.5791015625 0.56201171875 0.5882161458333334 0.54931640625 0.6015625 0.541259765625 0.6067708333333334 0.538330078125 0.6097005208333334 0.531982421875 0.6188151041666666 0.530517578125 0.6217447916666666 0.530029296875 0.6276041666666666 0.531494140625 0.6298828125 0.533447265625 0.630859375 0.537353515625 0.6282552083333334 0.539306640625 0.6259765625 0.54443359375 0.6220703125 0.54833984375 0.6201171875 0.5556640625 0.6136067708333334 0.559814453125 0.6077473958333334 0.568115234375 0.6002604166666666 0.57421875 0.5924479166666666 0.578857421875 0.5882161458333334 0.581787109375 0.5830078125 0.58740234375 0.5751953125 0.6015625 0.5611979166666666 0.606201171875 0.5579427083333334 0.613525390625 0.5498046875 0.61767578125 0.5416666666666666 0.621337890625 0.5319010416666666 0.62255859375 0.525390625 0.62255859375 0.513671875 0.620361328125 0.5068359375 0.61962890625 0.4993489583333333
0 0.5201416313430123 0.4983723958333333 0.03466790918897544 0.10514322916666667 0.52001953125 0.4557291666666667 2 0.517822265625 0.4459635416666667 0.51611328125 0.4459635416666667 0.514892578125 0.4466145833333333 0.513671875 0.4488932291666667 0.512939453125 0.4537760416666667 0.51171875 0.4567057291666667 0.51123046875 0.4593098958333333 0.5107421875 0.4661458333333333 0.5107421875 0.470703125 0.510009765625 0.4762369791666667 0.507080078125 0.4830729166666667 0.504150390625 0.4944661458333333 0.5029296875 0.5032552083333334 0.503173828125 0.513671875 0.50390625 0.5166015625 0.504638671875 0.5234375 0.505615234375 0.5260416666666666 0.507080078125 0.5322265625 0.510009765625 0.5387369791666666 0.51171875 0.5452473958333334 0.51220703125 0.5485026041666666 0.513427734375 0.55078125 0.5146484375 0.55078125 0.516357421875 0.5501302083333334 0.51904296875 0.5481770833333334 0.52197265625 0.5472005208333334 0.524169921875 0.5458984375 0.52490234375 0.544921875 0.526611328125 0.541015625 0.529541015625 0.5361328125 0.530517578125 0.5328776041666666 0.532958984375 0.5276692708333334 0.533935546875 0.5221354166666666 0.534912109375 0.5198567708333334 0.5361328125 0.5152994791666666 0.536865234375 0.5104166666666666 0.537353515625 0.5026041666666666 0.537353515625 0.4921875 0.535888671875 0.4873046875 0.53515625 0.4830729166666667 0.53173828125 0.4739583333333333 0.53076171875 0.4697265625 0.530029296875 0.462890625 0.529541015625 0.4615885416666667 0.5283203125 0.4606119791666667 0.525634765625 0.4606119791666667 0.5244140625 0.4599609375 0.52294921875 0.4583333333333333 0.521484375 0.455078125 0.520263671875 0.4498697916666667 0.51953125 0.4479166666666667
0 0.46862148603460696 0.5857747395833334 0.057604300194213864 0.17057291666666666 0.46337890625 0.513671875 2 0.447509765625 0.5065104166666666 0.44677734375 0.5084635416666666 0.448486328125 0.5123697916666666 0.448486328125 0.5139973958333334 0.447021484375 0.5188802083333334 0.447509765625 0.5227864583333334 0.450927734375 0.5231119791666666 0.451171875 0.5240885416666666 0.45068359375 0.5279947916666666 0.44677734375 0.5348307291666666 0.443603515625 0.5442708333333334 0.44189453125 0.5550130208333334 0.441650390625 0.5595703125 0.43994140625 0.5696614583333334 0.43994140625 0.5797526041666666 0.44189453125 0.5901692708333334 0.452880859375 0.6123046875 0.4580078125 0.6184895833333334 0.46435546875 0.6246744791666666 0.468017578125 0.6318359375 0.47021484375 0.6383463541666666 0.47509765625 0.6484375 0.48388671875 0.6611328125 0.48681640625 0.6682942708333334 0.489501953125 0.6708984375 0.49462890625 0.6708984375 0.496337890625 0.669921875 0.497314453125 0.6682942708333334 0.49609375 0.6650390625 0.4951171875 0.6578776041666666 0.492919921875 0.6546223958333334 0.490234375 0.6484375 0.484619140625 0.6409505208333334 0.482666015625 0.6360677083333334 0.47802734375 0.6292317708333334 0.474853515625 0.6227213541666666 0.472412109375 0.6126302083333334 0.472412109375 0.6061197916666666 0.47705078125 0.5875651041666666 0.48046875 0.5797526041666666 0.482177734375 0.5602213541666666 0.482421875 0.5481770833333334 0.4814453125 0.5397135416666666 0.4775390625 0.5286458333333334 0.4775390625 0.5227864583333334 0.478515625 0.5188802083333334 0.477783203125 0.5130208333333334 0.479736328125 0.5087890625 0.48046875 0.5022786458333334 0.479248046875 0.5006510416666666 0.477294921875 0.5006510416666666 0.474853515625 0.501953125 0.472412109375 0.501953125 0.47021484375 0.5006510416666666 0.468994140625 0.5026041666666666 0.466796875 0.50390625 0.4619140625 0.5042317708333334 0.4599609375 0.5032552083333334 0.458984375 0.5035807291666666 0.4580078125 0.5065104166666666 0.45556640625 0.5091145833333334 0.454345703125 0.5087890625 0.453125 0.5071614583333334 0.450927734375 0.505859375
0 0.5347900390625 0.4412235974755898 0.03125 0.07879912122657114 0.5390625 0.4189453125 2 0.531982421875 0.4020182291666667 0.529296875 0.4026692708333333 0.5283203125 0.4033203125 0.526123046875 0.4059244791666667 0.52490234375 0.408203125 0.524658203125 0.41015625 0.52392578125 0.4124348958333333 0.5224609375 0.4147135416666667 0.522216796875 0.4186197916666667 0.5224609375 0.4189453125 0.5224609375 0.419921875 0.52294921875 0.4215494791666667 0.52392578125 0.423828125 0.52490234375 0.427734375 0.52490234375 0.4300130208333333 0.52392578125 0.4319661458333333 0.52099609375 0.4365234375 0.520263671875 0.4384765625 0.519775390625 0.4407552083333333 0.519775390625 0.4427083333333333 0.51953125 0.4443359375 0.519287109375 0.4446614583333333 0.519287109375 0.4456380208333333 0.5205078125 0.4518229166666667 0.52197265625 0.4560546875 0.524658203125 0.4599609375 0.526611328125 0.4606119791666667 0.528076171875 0.4606119791666667 0.52880859375 0.4609375 0.52978515625 0.4622395833333333 0.530517578125 0.4654947916666667 0.53076171875 0.4710286458333333 0.53125 0.4729817708333333 0.533203125 0.4781901041666667 0.5341796875 0.4794921875 0.536376953125 0.48046875 0.53759765625 0.4798177083333333 0.53955078125 0.4765625 0.541259765625 0.4729817708333333 0.544921875 0.462890625 0.545654296875 0.4593098958333333 0.545654296875 0.4567057291666667 0.546630859375 0.4505208333333333 0.546875 0.4469401041666667 0.546630859375 0.4361979166666667 0.547119140625 0.4342447916666667 0.54931640625 0.4313151041666667 0.55029296875 0.4293619791666667 0.55029296875 0.4248046875 0.54931640625 0.421875 0.5478515625 0.4147135416666667 0.548095703125 0.408203125 0.546875 0.40625 0.54541015625 0.4052734375 0.5439453125 0.4052734375 0.5419921875 0.40625 0.5400390625 0.40625 0.536376953125 0.4026692708333333 0.5341796875 0.4020182291666667
0 0.5019530061388234 0.3826534440122042 0.051513434152646864 0.13150300780892496 0.507568359375 0.3395182291666667 2 0.525634765625 0.3216145833333333 0.524658203125 0.3212890625 0.51904296875 0.3232421875 0.516845703125 0.3232421875 0.51513671875 0.3212890625 0.51318359375 0.3170572916666667 0.50927734375 0.3186848958333333 0.50830078125 0.3206380208333333 0.507568359375 0.3248697916666667 0.506591796875 0.3277994791666667 0.50439453125 0.330078125 0.501220703125 0.3310546875 0.497802734375 0.3352864583333333 0.497314453125 0.3424479166666667 0.49560546875 0.3463541666666667 0.493408203125 0.3486328125 0.489990234375 0.3505859375 0.48486328125 0.359375 0.482421875 0.3658854166666667 0.47802734375 0.3811848958333333 0.478271484375 0.3938802083333333 0.480712890625 0.4078776041666667 0.48095703125 0.4127604166666667 0.480712890625 0.4208984375 0.479736328125 0.4261067708333333 0.477783203125 0.4326171875 0.476318359375 0.4407552083333333 0.476318359375 0.4453125 0.47802734375 0.4482421875 0.478759765625 0.4482421875 0.4794921875 0.447265625 0.48095703125 0.4404296875 0.48291015625 0.435546875 0.484130859375 0.4303385416666667 0.486572265625 0.42578125 0.488037109375 0.4208984375 0.489501953125 0.4182942708333333 0.49169921875 0.4127604166666667 0.494873046875 0.4085286458333333 0.497802734375 0.4026692708333333 0.501953125 0.3971354166666667 0.5048828125 0.3948567708333333 0.506591796875 0.392578125 0.510498046875 0.3818359375 0.51171875 0.3697916666666667 0.51318359375 0.3642578125 0.51611328125 0.3610026041666667 0.51806640625 0.3548177083333333 0.519287109375 0.3528645833333333 0.524658203125 0.3502604166666667 0.52587890625 0.3473307291666667 0.52587890625 0.3450520833333333 0.52490234375 0.3421223958333333 0.523681640625 0.3401692708333333 0.523193359375 0.3362630208333333 0.526123046875 0.3333333333333333 0.527587890625 0.3297526041666667 0.52734375 0.3245442708333333
1 0.5479742462467247 0.379198062047333 0.03417846063155039 0.05247627173866739 0.5517578125 0.3785807291666667 2 0.551513671875 0.3531901041666667 0.550048828125 0.353515625 0.548828125 0.3538411458333333 0.546630859375 0.3548177083333333 0.54541015625 0.3548177083333333 0.544677734375 0.3551432291666667 0.5439453125 0.35546875 0.54345703125 0.3557942708333333 0.542724609375 0.3564453125 0.541259765625 0.3580729166666667 0.540771484375 0.3583984375 0.540283203125 0.3583984375 0.539794921875 0.357421875 0.5390625 0.3570963541666667 0.537841796875 0.3561197916666667 0.5361328125 0.3561197916666667 0.53564453125 0.3564453125 0.534912109375 0.3570963541666667 0.534912109375 0.3580729166666667 0.53515625 0.359375 0.535400390625 0.3603515625 0.53564453125 0.361328125 0.535888671875 0.3619791666666667 0.536376953125 0.3629557291666667 0.537109375 0.3639322916666667 0.537841796875 0.3658854166666667 0.5380859375 0.3678385416666667 0.537841796875 0.3733723958333333 0.53759765625 0.375 0.537353515625 0.3756510416666667 0.536865234375 0.3763020833333333 0.536865234375 0.3766276041666667 0.53466796875 0.3766276041666667 0.533447265625 0.3766276041666667 0.53271484375 0.3776041666666667 0.532470703125 0.3785807291666667 0.5322265625 0.3811848958333333 0.5322265625 0.3863932291666667 0.531982421875 0.3909505208333333 0.53173828125 0.3938802083333333 0.531494140625 0.3958333333333333 0.531005859375 0.3971354166666667 0.53125 0.3994140625 0.531494140625 0.3994140625 0.531982421875 0.4000651041666667 0.533447265625 0.4010416666666667 0.5400390625 0.4052734375 0.5419921875 0.4052734375 0.544921875 0.404296875 0.545654296875 0.4039713541666667 0.546142578125 0.4036458333333333 0.546875 0.4029947916666667 0.5478515625 0.4020182291666667 0.548828125 0.4007161458333333 0.548828125 0.400390625 0.550048828125 0.3987630208333333 0.55078125 0.3974609375 0.55224609375 0.39453125 0.552490234375 0.3938802083333333 0.552734375 0.3932291666666667 0.552734375 0.3912760416666667 0.55224609375 0.388671875 0.552490234375 0.3876953125 0.552734375 0.3870442708333333 0.55322265625 0.3860677083333333 0.5537109375 0.3850911458333333 0.554931640625 0.3828125 0.5556640625 0.3815104166666667 0.560546875 0.375 0.561279296875 0.3743489583333333 0.561767578125 0.3740234375 0.562255859375 0.3736979166666667 0.563232421875 0.3733723958333333 0.56396484375 0.373046875 0.56494140625 0.3717447916666667 0.56494140625 0.3671875 0.564697265625 0.3662109375 0.56396484375 0.3649088541666667 0.561767578125 0.3642578125 0.560791015625 0.3642578125 0.56005859375 0.3649088541666667 0.558837890625 0.3671875 0.55712890625 0.3694661458333333 0.556640625 0.3697916666666667 0.554443359375 0.3697916666666667 0.55322265625 0.3694661458333333 0.552490234375 0.369140625 0.552001953125 0.3688151041666667 0.55126953125 0.3678385416666667 0.551025390625 0.3668619791666667 0.551025390625 0.3658854166666667 0.55126953125 0.3639322916666667 0.551513671875 0.3623046875 0.5517578125 0.361328125 0.552490234375 0.3597005208333333 0.552734375 0.3587239583333333 0.552978515625 0.3577473958333333 0.552978515625 0.3551432291666667 0.552490234375 0.3538411458333333 0.552001953125 0.3531901041666667
1 0.14672207197210693 0.4194057909516194 0.08323906581921386 0.07948268893009443 0.13427734375 0.4225260416666667 2 0.185302734375 0.3798828125 0.18359375 0.380859375 0.181884765625 0.3811848958333333 0.18115234375 0.3815104166666667 0.1806640625 0.3818359375 0.18017578125 0.3821614583333333 0.1796875 0.3828125 0.17919921875 0.3831380208333333 0.1787109375 0.3834635416666667 0.177490234375 0.3841145833333333 0.17578125 0.384765625 0.17333984375 0.3857421875 0.17236328125 0.3860677083333333 0.17138671875 0.3863932291666667 0.170166015625 0.3863932291666667 0.1689453125 0.38671875 0.16796875 0.3870442708333333 0.167236328125 0.3873697916666667 0.16455078125 0.3889973958333333 0.163818359375 0.3893229166666667 0.1630859375 0.3896484375 0.162109375 0.3896484375 0.161376953125 0.3899739583333333 0.160888671875 0.3902994791666667 0.160400390625 0.390625 0.15966796875 0.3912760416666667 0.1591796875 0.3922526041666667 0.15869140625 0.3938802083333333 0.157958984375 0.3948567708333333 0.157470703125 0.3951822916666667 0.15478515625 0.3951822916666667 0.15380859375 0.3948567708333333 0.153076171875 0.39453125 0.15234375 0.3938802083333333 0.151611328125 0.3935546875 0.150634765625 0.3932291666666667 0.146240234375 0.3932291666666667 0.1455078125 0.3935546875 0.144287109375 0.39453125 0.1435546875 0.3948567708333333 0.142822265625 0.3951822916666667 0.139892578125 0.3955078125 0.13818359375 0.3955078125 0.136474609375 0.3951822916666667 0.135009765625 0.3948567708333333 0.13427734375 0.39453125 0.133544921875 0.3938802083333333 0.1328125 0.3935546875 0.131103515625 0.3932291666666667 0.12744140625 0.3912760416666667 0.12646484375 0.3909505208333333 0.12353515625 0.390625 0.123046875 0.3909505208333333 0.122314453125 0.3919270833333333 0.122314453125 0.3932291666666667 0.12255859375 0.3938802083333333 0.123779296875 0.3955078125 0.125244140625 0.3968098958333333 0.127197265625 0.3997395833333333 0.127685546875 0.400390625 0.12890625 0.4016927083333333 0.12890625 0.4020182291666667 0.129638671875 0.4029947916666667 0.12939453125 0.4039713541666667 0.12890625 0.4046223958333333 0.128173828125 0.4049479166666667 0.126953125 0.4052734375 0.123779296875 0.4075520833333333 0.123046875 0.4078776041666667 0.122314453125 0.408203125 0.121337890625 0.4085286458333333 0.120361328125 0.4088541666666667 0.119140625 0.4088541666666667 0.118408203125 0.4091796875 0.11767578125 0.4095052083333333 0.115966796875 0.4108072916666667 0.115234375 0.4114583333333333 0.11181640625 0.416015625 0.111083984375 0.4163411458333333 0.1103515625 0.4166666666666667 0.109375 0.4169921875 0.1083984375 0.4169921875 0.107421875 0.4173177083333333 0.106689453125 0.4176432291666667 0.106201171875 0.41796875 0.105224609375 0.4192708333333333 0.105224609375 0.4202473958333333 0.10595703125 0.4222005208333333 0.1064453125 0.4228515625 0.1064453125 0.4231770833333333 0.106689453125 0.4235026041666667 0.107177734375 0.423828125 0.10791015625 0.4241536458333333 0.112548828125 0.4241536458333333 0.1142578125 0.423828125 0.114501953125 0.4235026041666667 0.11572265625 0.4235026041666667 0.117431640625 0.4241536458333333 0.11962890625 0.4244791666666667 0.1220703125 0.423828125 0.125 0.423828125 0.127197265625 0.4231770833333333 0.129638671875 0.4228515625 0.133544921875 0.4228515625 0.134521484375 0.4231770833333333 0.135009765625 0.423828125 0.135009765625 0.4251302083333333 0.1337890625 0.4267578125 0.133544921875 0.4274088541666667 0.13330078125 0.4280598958333333 0.13330078125 0.4287109375 0.133056640625 0.4293619791666667 0.1328125 0.4300130208333333 0.132080078125 0.4309895833333333 0.130859375 0.4319661458333333 0.1298828125 0.4332682291666667 0.12939453125 0.4342447916666667 0.128173828125 0.4378255208333333 0.126953125 0.4404296875 0.126220703125 0.4417317708333333 0.1240234375 0.4443359375 0.123046875 0.4456380208333333 0.122802734375 0.4469401041666667 0.122802734375 0.4501953125 0.123046875 0.451171875 0.126708984375 0.4560546875 0.127197265625 0.4563802083333333 0.127685546875 0.4567057291666667 0.129638671875 0.4576822916666667 0.13037109375 0.4580078125 0.131103515625 0.4583333333333333 0.132080078125 0.4586588541666667 0.13330078125 0.458984375 0.135009765625 0.458984375 0.135498046875 0.4586588541666667 0.13623046875 0.4576822916666667 0.13671875 0.4567057291666667 0.136962890625 0.4560546875 0.13720703125 0.455078125 0.137451171875 0.4534505208333333 0.137451171875 0.4518229166666667 0.1376953125 0.4505208333333333 0.137939453125 0.44921875 0.13818359375 0.4485677083333333 0.138671875 0.4475911458333333 0.13916015625 0.4469401041666667 0.1396484375 0.4466145833333333 0.14013671875 0.4462890625 0.140869140625 0.4459635416666667 0.143798828125 0.4459635416666667 0.14501953125 0.4466145833333333 0.14697265625 0.4466145833333333 0.1474609375 0.4462890625 0.14892578125 0.4443359375 0.150146484375 0.4420572916666667 0.150634765625 0.4410807291666667 0.15087890625 0.4404296875 0.15087890625 0.4397786458333333 0.151123046875 0.4391276041666667 0.15087890625 0.4361979166666667 0.150390625 0.4339192708333333 0.150146484375 0.4313151041666667 0.150146484375 0.4300130208333333 0.150390625 0.4290364583333333 0.152099609375 0.42578125 0.153076171875 0.4228515625 0.153564453125 0.421875 0.15673828125 0.41796875 0.158203125 0.416015625 0.160888671875 0.412109375 0.162353515625 0.4098307291666667 0.162841796875 0.4088541666666667 0.16357421875 0.4069010416666667 0.1640625 0.4059244791666667 0.16650390625 0.40234375 0.168212890625 0.4000651041666667 0.1689453125 0.3994140625 0.169677734375 0.3987630208333333 0.171630859375 0.3974609375 0.17333984375 0.3971354166666667 0.173828125 0.3968098958333333 0.17431640625 0.396484375 0.175048828125 0.3958333333333333 0.176025390625 0.3948567708333333 0.17724609375 0.3932291666666667 0.17822265625 0.392578125 0.179443359375 0.3912760416666667 0.179931640625 0.390625 0.180908203125 0.3889973958333333 0.181396484375 0.3876953125 0.182373046875 0.3863932291666667 0.184326171875 0.3850911458333333 0.185546875 0.384765625 0.18603515625 0.3844401041666667 0.1865234375 0.3841145833333333 0.187255859375 0.3834635416666667 0.188232421875 0.3818359375 0.18798828125 0.3811848958333333 0.1875 0.3805338541666667 0.18701171875 0.3802083333333333 0.1865234375 0.3798828125
