0 0.11694369473553946 0.9337575055938814 0.10571221990392107 0.08267973958475523 0.077392578125 0.9055989583333334 2 0.064697265625 0.9130859375 0.064208984375 0.91796875 0.064697265625 0.9241536458333334 0.066650390625 0.9293619791666666 0.068603515625 0.9404296875 0.0712890625 0.94921875 0.07763671875 0.9606119791666666 0.079345703125 0.962890625 0.087158203125 0.9700520833333334 0.091552734375 0.9729817708333334 0.0966796875 0.974609375 0.100830078125 0.9749348958333334 0.107666015625 0.9736328125 0.1123046875 0.9710286458333334 0.11962890625 0.9684244791666666 0.136474609375 0.96875 0.140625 0.9694010416666666 0.155029296875 0.9694010416666666 0.166748046875 0.9680989583333334 0.16845703125 0.9674479166666666 0.169677734375 0.9661458333333334 0.169677734375 0.9651692708333334 0.1669921875 0.9593098958333334 0.162109375 0.9527994791666666 0.149169921875 0.9518229166666666 0.1396484375 0.94921875 0.133544921875 0.9466145833333334 0.1298828125 0.9420572916666666 0.126708984375 0.9345703125 0.12353515625 0.9235026041666666 0.119140625 0.9150390625 0.115478515625 0.9104817708333334 0.10986328125 0.9052734375 0.10595703125 0.9007161458333334 0.10302734375 0.8984375 0.100341796875 0.8951822916666666 0.09619140625 0.892578125 0.077392578125 0.8968098958333334 0.075927734375 0.8981119791666666 0.074951171875 0.9010416666666666 0.073486328125 0.9029947916666666 0.06787109375 0.90625 0.06591796875 0.9091796875
0 0.34191912509243766 0.6682940905890183 0.05175745294012468 0.09081995201136994 0.331787109375 0.6402994791666666 2 0.32177734375 0.626953125 0.32080078125 0.6285807291666666 0.31640625 0.6331380208333334 0.316162109375 0.6373697916666666 0.3193359375 0.6422526041666666 0.32080078125 0.6451822916666666 0.326171875 0.6520182291666666 0.328369140625 0.6565755208333334 0.330810546875 0.6634114583333334 0.3310546875 0.6682942708333334 0.3291015625 0.6712239583333334 0.327392578125 0.6748046875 0.32666015625 0.6790364583333334 0.326904296875 0.6803385416666666 0.327880859375 0.6819661458333334 0.330322265625 0.6884765625 0.33251953125 0.6956380208333334 0.33740234375 0.7034505208333334 0.34033203125 0.7063802083333334 0.342529296875 0.7076822916666666 0.349365234375 0.7132161458333334 0.35302734375 0.7135416666666666 0.354736328125 0.7112630208333334 0.355224609375 0.7057291666666666 0.353271484375 0.6985677083333334 0.3525390625 0.6927083333333334 0.3525390625 0.6891276041666666 0.35302734375 0.6878255208333334 0.354248046875 0.6861979166666666 0.355712890625 0.6852213541666666 0.361328125 0.6832682291666666 0.364501953125 0.6832682291666666 0.36669921875 0.6826171875 0.367431640625 0.681640625 0.36767578125 0.6806640625 0.36767578125 0.6783854166666666 0.366943359375 0.6744791666666666 0.365478515625 0.6708984375 0.36279296875 0.666015625 0.36181640625 0.6630859375 0.358642578125 0.6588541666666666 0.35546875 0.6555989583333334 0.351806640625 0.6500651041666666 0.350830078125 0.6468098958333334 0.35009765625 0.6412760416666666 0.34716796875 0.6328125 0.3466796875 0.6266276041666666 0.345703125 0.6240234375 0.3447265625 0.6236979166666666 0.34326171875 0.6243489583333334 0.3408203125 0.6243489583333334 0.33837890625 0.623046875 0.337158203125 0.623046875 0.336181640625 0.6240234375 0.330322265625 0.6272786458333334 0.3251953125 0.6276041666666666
0 0.5694580341946738 0.7758800135153132 0.07910150973565233 0.07421653546937372 0.5400390625 0.7692057291666666 2 0.53076171875 0.7535807291666666 0.530029296875 0.7571614583333334 0.5302734375 0.7682291666666666 0.531982421875 0.7708333333333334 0.53369140625 0.7718098958333334 0.53466796875 0.7731119791666666 0.53515625 0.7779947916666666 0.5341796875 0.7796223958333334 0.53271484375 0.7802734375 0.5302734375 0.7828776041666666 0.530029296875 0.7848307291666666 0.5322265625 0.7913411458333334 0.53369140625 0.7936197916666666 0.535888671875 0.8001302083333334 0.5390625 0.8024088541666666 0.54443359375 0.8095703125 0.54541015625 0.8102213541666666 0.5537109375 0.8128255208333334 0.560791015625 0.8128255208333334 0.56884765625 0.8089192708333334 0.57373046875 0.8043619791666666 0.57470703125 0.8030598958333334 0.575439453125 0.8011067708333334 0.576416015625 0.80078125 0.57763671875 0.8024088541666666 0.5791015625 0.8033854166666666 0.581787109375 0.8033854166666666 0.587890625 0.8017578125 0.595947265625 0.8017578125 0.59765625 0.8011067708333334 0.60009765625 0.7991536458333334 0.603271484375 0.8001302083333334 0.60595703125 0.7978515625 0.607666015625 0.7955729166666666 0.6083984375 0.7936197916666666 0.60888671875 0.791015625 0.60888671875 0.7880859375 0.60791015625 0.787109375 0.598876953125 0.787109375 0.594970703125 0.7880859375 0.58740234375 0.7884114583333334 0.582763671875 0.7893880208333334 0.576171875 0.7919921875 0.574951171875 0.7893880208333334 0.57373046875 0.779296875 0.57275390625 0.7747395833333334 0.57177734375 0.7721354166666666 0.5693359375 0.7679036458333334 0.5673828125 0.7659505208333334 0.564453125 0.7613932291666666 0.56103515625 0.7584635416666666 0.55908203125 0.7578125 0.5546875 0.7574869791666666 0.55224609375 0.7565104166666666 0.551025390625 0.7548828125 0.549560546875 0.7493489583333334 0.54638671875 0.7457682291666666 0.54443359375 0.7389322916666666 0.54150390625 0.7395833333333334 0.54052734375 0.7415364583333334 0.53955078125 0.7451171875 0.53857421875 0.7464192708333334 0.53271484375 0.7506510416666666 0.531494140625 0.751953125
0 0.9704601696364934 0.5396796643196949 0.048093332602013095 0.16110522434927735 0.96923828125 0.4934895833333333 2 0.981689453125 0.4593098958333333 0.97802734375 0.4599609375 0.970947265625 0.4641927083333333 0.9658203125 0.4645182291666667 0.96240234375 0.4697265625 0.954345703125 0.4733072916666667 0.948486328125 0.4775390625 0.947265625 0.4791666666666667 0.946533203125 0.4814453125 0.947265625 0.486328125 0.94970703125 0.4931640625 0.951904296875 0.4970703125 0.95263671875 0.5003255208333334 0.95263671875 0.5026041666666666 0.950439453125 0.5065104166666666 0.948486328125 0.5130208333333334 0.948486328125 0.5198567708333334 0.949462890625 0.5276692708333334 0.950927734375 0.5341796875 0.95458984375 0.5452473958333334 0.96044921875 0.5533854166666666 0.9619140625 0.5579427083333334 0.96435546875 0.5709635416666666 0.967041015625 0.5930989583333334 0.967041015625 0.6018880208333334 0.96826171875 0.6077473958333334 0.968505859375 0.6119791666666666 0.969970703125 0.6188151041666666 0.970947265625 0.6201171875 0.972412109375 0.6136067708333334 0.972412109375 0.58984375 0.97314453125 0.5862630208333334 0.97314453125 0.5791015625 0.971435546875 0.5628255208333334 0.969970703125 0.5563151041666666 0.969970703125 0.552734375 0.971435546875 0.544921875 0.972412109375 0.5419921875 0.9765625 0.537109375 0.978759765625 0.5358072916666666 0.982421875 0.5348307291666666 0.98583984375 0.5299479166666666 0.987060546875 0.5208333333333334 0.989501953125 0.5133463541666666 0.990234375 0.5084635416666666 0.98974609375 0.4928385416666667 0.989990234375 0.4866536458333333 0.9912109375 0.4788411458333333 0.994384765625 0.4713541666666667 0.994384765625 0.4690755208333333 0.993896484375 0.4677734375 0.9931640625 0.4674479166666667 0.9921875 0.4680989583333333 0.9892578125 0.4684244791666667 0.986572265625 0.4703776041666667 0.985595703125 0.4697265625 0.984619140625 0.466796875 0.98388671875 0.4619140625
0 0.6131591378682719 0.6847115143990831 0.04736319761154384 0.15954832536850053 0.6083984375 0.6272786458333334 2 0.61181640625 0.6051432291666666 0.611083984375 0.60546875 0.60791015625 0.6100260416666666 0.603759765625 0.61328125 0.598876953125 0.6155598958333334 0.59228515625 0.6165364583333334 0.5908203125 0.6178385416666666 0.589599609375 0.623046875 0.589599609375 0.642578125 0.59033203125 0.6438802083333334 0.592529296875 0.6448567708333334 0.593994140625 0.6474609375 0.59423828125 0.65625 0.594970703125 0.6634114583333334 0.5966796875 0.6735026041666666 0.59912109375 0.6806640625 0.602294921875 0.6848958333333334 0.604736328125 0.6868489583333334 0.611083984375 0.6940104166666666 0.615478515625 0.7001953125 0.61767578125 0.705078125 0.618408203125 0.7291666666666666 0.618408203125 0.7405598958333334 0.617919921875 0.7444661458333334 0.618408203125 0.7626953125 0.619384765625 0.7643229166666666 0.62158203125 0.7643229166666666 0.623291015625 0.763671875 0.624267578125 0.7620442708333334 0.62548828125 0.7552083333333334 0.625 0.7412109375 0.6259765625 0.7369791666666666 0.626220703125 0.7272135416666666 0.626953125 0.7190755208333334 0.626953125 0.7063802083333334 0.6318359375 0.689453125 0.635986328125 0.6780598958333334 0.63671875 0.6708984375 0.636474609375 0.662109375 0.63525390625 0.6549479166666666 0.632568359375 0.6461588541666666 0.626708984375 0.6363932291666666 0.62255859375 0.6334635416666666 0.62158203125 0.6321614583333334 0.6220703125 0.6279296875 0.62353515625 0.6240234375 0.623291015625 0.6214192708333334 0.619384765625 0.6181640625 0.618408203125 0.6165364583333334 0.617919921875 0.6110026041666666 0.616455078125 0.6070963541666666 0.614990234375 0.6057942708333334
0 0.40087890625 0.7086503649690146 0.034912109375 0.15268624922863747 0.395751953125 0.6484375 2 0.3935546875 0.6324869791666666 0.391357421875 0.6328125 0.390380859375 0.6331380208333334 0.389892578125 0.6334635416666666 0.389404296875 0.6337890625 0.38916015625 0.6341145833333334 0.388916015625 0.634765625 0.388671875 0.6360677083333334 0.387939453125 0.6376953125 0.387451171875 0.638671875 0.386962890625 0.6396484375 0.3857421875 0.6412760416666666 0.385498046875 0.6412760416666666 0.384033203125 0.6432291666666666 0.3837890625 0.6442057291666666 0.383544921875 0.646484375 0.383544921875 0.6487630208333334 0.3837890625 0.6497395833333334 0.384033203125 0.6507161458333334 0.385986328125 0.6559244791666666 0.386474609375 0.6575520833333334 0.38671875 0.6591796875 0.386474609375 0.6611328125 0.38623046875 0.6627604166666666 0.385986328125 0.6640625 0.3857421875 0.6653645833333334 0.385009765625 0.6676432291666666 0.384765625 0.6702473958333334 0.385009765625 0.6748046875 0.38525390625 0.67578125 0.38623046875 0.6787109375 0.387451171875 0.681640625 0.38818359375 0.6839192708333334 0.388916015625 0.6868489583333334 0.389404296875 0.6901041666666666 0.39013671875 0.6930338541666666 0.39111328125 0.6956380208333334 0.3916015625 0.6966145833333334 0.39208984375 0.6975911458333334 0.394287109375 0.7005208333333334 0.39501953125 0.701171875 0.395751953125 0.7018229166666666 0.397216796875 0.7027994791666666 0.398681640625 0.7041015625 0.400390625 0.7057291666666666 0.40185546875 0.7076822916666666 0.40234375 0.7086588541666666 0.402587890625 0.7093098958333334 0.40283203125 0.7099609375 0.403564453125 0.7125651041666666 0.404541015625 0.716796875 0.40478515625 0.7184244791666666 0.405029296875 0.7200520833333334 0.4052734375 0.7220052083333334 0.4052734375 0.7262369791666666 0.405517578125 0.7288411458333334 0.40576171875 0.7311197916666666 0.406982421875 0.7395833333333334 0.4072265625 0.7418619791666666 0.407470703125 0.7451171875 0.407958984375 0.7513020833333334 0.408203125 0.7561848958333334 0.408203125 0.7584635416666666 0.407958984375 0.7610677083333334 0.40771484375 0.7626953125 0.40673828125 0.7669270833333334 0.40673828125 0.7688802083333334 0.4072265625 0.7711588541666666 0.407470703125 0.7721354166666666 0.40771484375 0.7731119791666666 0.4091796875 0.7776692708333334 0.409423828125 0.7786458333333334 0.40966796875 0.7805989583333334 0.41015625 0.7825520833333334 0.410400390625 0.783203125 0.41064453125 0.7838541666666666 0.411376953125 0.7848307291666666 0.412841796875 0.7848307291666666 0.41455078125 0.7825520833333334 0.415771484375 0.7802734375 0.416259765625 0.779296875 0.41650390625 0.7786458333333334 0.416748046875 0.7776692708333334 0.4169921875 0.775390625 0.417236328125 0.7727864583333334 0.417236328125 0.7682291666666666 0.4169921875 0.7672526041666666 0.416259765625 0.7659505208333334 0.416015625 0.7652994791666666 0.41552734375 0.7633463541666666 0.41552734375 0.7620442708333334 0.415771484375 0.7604166666666666 0.416015625 0.7584635416666666 0.416259765625 0.7578125 0.416748046875 0.7568359375 0.41748046875 0.755859375 0.417724609375 0.7552083333333334 0.41796875 0.7545572916666666 0.418212890625 0.7535807291666666 0.418212890625 0.7513020833333334 0.41748046875 0.748046875 0.417236328125 0.744140625 0.417236328125 0.7408854166666666 0.4169921875 0.73828125 0.416748046875 0.736328125 0.416015625 0.732421875 0.415771484375 0.73046875 0.41552734375 0.7278645833333334 0.415283203125 0.720703125 0.414794921875 0.7184244791666666 0.414794921875 0.7161458333333334 0.41357421875 0.7106119791666666 0.413330078125 0.708984375 0.4130859375 0.70703125 0.4130859375 0.7037760416666666 0.413330078125 0.7014973958333334 0.41357421875 0.7001953125 0.414794921875 0.697265625 0.41552734375 0.6949869791666666 0.416259765625 0.6923828125 0.41650390625 0.69140625 0.416748046875 0.6904296875 0.4169921875 0.6891276041666666 0.417236328125 0.6858723958333334 0.417236328125 0.6842447916666666 0.416748046875 0.6806640625 0.41650390625 0.6793619791666666 0.416259765625 0.6783854166666666 0.416015625 0.6774088541666666 0.4150390625 0.673828125 0.41455078125 0.6722005208333334 0.413818359375 0.6705729166666666 0.413330078125 0.6689453125 0.412841796875 0.6666666666666666 0.41259765625 0.6650390625 0.412353515625 0.6630859375 0.412109375 0.66015625 0.412109375 0.6588541666666666 0.412841796875 0.6565755208333334 0.4130859375 0.6552734375 0.4130859375 0.6529947916666666 0.41259765625 0.65234375 0.41259765625 0.6520182291666666 0.412353515625 0.6516927083333334 0.412109375 0.6516927083333334 0.41162109375 0.6510416666666666 0.410888671875 0.6507161458333334 0.40966796875 0.650390625 0.408447265625 0.6497395833333334 0.407470703125 0.6484375 0.4072265625 0.6477864583333334 0.4072265625 0.6471354166666666 0.407470703125 0.6461588541666666 0.40771484375 0.6455078125 0.408935546875 0.6438802083333334 0.408935546875 0.642578125 0.408447265625 0.6422526041666666 0.406494140625 0.6422526041666666 0.404541015625 0.6419270833333334 0.403564453125 0.640625 0.4033203125 0.6396484375 0.403076171875 0.63671875 0.40283203125 0.6357421875 0.402587890625 0.6350911458333334 0.40234375 0.6344401041666666 0.402099609375 0.6341145833333334 0.40185546875 0.6341145833333334 0.4013671875 0.6334635416666666 0.40087890625 0.6331380208333334 0.399658203125 0.6328125 0.39697265625 0.6324869791666666
1 0.4976806640625 0.7986438060657498 0.07666015625 0.029991033701833796 0.4658203125 0.7985026041666666 2 0.4736328125 0.7838541666666666 0.47216796875 0.7841796875 0.470703125 0.7845052083333334 0.468505859375 0.7854817708333334 0.46630859375 0.7858072916666666 0.46533203125 0.7861328125 0.463623046875 0.7867838541666666 0.463134765625 0.787109375 0.46240234375 0.7877604166666666 0.461669921875 0.7887369791666666 0.461181640625 0.7897135416666666 0.4609375 0.7903645833333334 0.46044921875 0.7919921875 0.460205078125 0.79296875 0.4599609375 0.7939453125 0.459716796875 0.7952473958333334 0.45947265625 0.796875 0.45947265625 0.8001302083333334 0.459716796875 0.8011067708333334 0.4599609375 0.8020833333333334 0.46044921875 0.8037109375 0.460693359375 0.8043619791666666 0.461669921875 0.8056640625 0.462158203125 0.8059895833333334 0.464111328125 0.806640625 0.46533203125 0.8072916666666666 0.466552734375 0.8079427083333334 0.468017578125 0.8089192708333334 0.468994140625 0.8098958333333334 0.470458984375 0.8118489583333334 0.471923828125 0.8128255208333334 0.47265625 0.8131510416666666 0.473876953125 0.8134765625 0.4755859375 0.8134765625 0.4775390625 0.8128255208333334 0.47998046875 0.8125 0.482666015625 0.8125 0.484619140625 0.8118489583333334 0.488525390625 0.8115234375 0.490478515625 0.8111979166666666 0.493408203125 0.810546875 0.496337890625 0.8095703125 0.497802734375 0.8092447916666666 0.499755859375 0.8089192708333334 0.501708984375 0.80859375 0.504150390625 0.80859375 0.50634765625 0.8082682291666666 0.509521484375 0.8072916666666666 0.510986328125 0.8072916666666666 0.5126953125 0.8069661458333334 0.513671875 0.806640625 0.5146484375 0.8063151041666666 0.516357421875 0.8053385416666666 0.517333984375 0.8050130208333334 0.518310546875 0.8046875 0.51953125 0.8043619791666666 0.521240234375 0.8040364583333334 0.5234375 0.8037109375 0.526123046875 0.8033854166666666 0.529052734375 0.8033854166666666 0.531005859375 0.8030598958333334 0.531982421875 0.802734375 0.533935546875 0.8017578125 0.534423828125 0.8014322916666666 0.534912109375 0.8011067708333334 0.535888671875 0.7998046875 0.535888671875 0.7985026041666666 0.53515625 0.7972005208333334 0.534423828125 0.7962239583333334 0.533447265625 0.7952473958333334 0.531982421875 0.7942708333333334 0.53125 0.7939453125 0.52978515625 0.7936197916666666 0.529296875 0.7936197916666666 0.527587890625 0.7939453125 0.525390625 0.7945963541666666 0.518798828125 0.794921875 0.51123046875 0.7952473958333334 0.51025390625 0.7952473958333334 0.505859375 0.794921875 0.5029296875 0.7945963541666666 0.501953125 0.7942708333333334 0.501220703125 0.7939453125 0.5 0.79296875 0.498291015625 0.7913411458333334 0.495361328125 0.7893880208333334 0.494140625 0.7887369791666666 0.492919921875 0.7880859375 0.491455078125 0.7874348958333334 0.4892578125 0.7864583333333334 0.48681640625 0.7854817708333334 0.48583984375 0.78515625 0.48486328125 0.78515625 0.48388671875 0.7848307291666666 0.483154296875 0.7841796875 0.482421875 0.7838541666666666
1 0.921630859375 0.5953438953806663 0.101806640625 0.09349189673866738 0.876708984375 0.564453125 2 0.8720703125 0.548828125 0.871337890625 0.5498046875 0.87109375 0.5504557291666666 0.870849609375 0.5520833333333334 0.870849609375 0.5553385416666666 0.87109375 0.556640625 0.871337890625 0.5579427083333334 0.872314453125 0.5625 0.87353515625 0.5670572916666666 0.873779296875 0.5693359375 0.875244140625 0.5751953125 0.875732421875 0.5768229166666666 0.876220703125 0.578125 0.876953125 0.580078125 0.8779296875 0.58203125 0.87890625 0.5846354166666666 0.879638671875 0.5875651041666666 0.8798828125 0.5882161458333334 0.88037109375 0.5891927083333334 0.88134765625 0.5904947916666666 0.882080078125 0.5911458333333334 0.882568359375 0.5914713541666666 0.88330078125 0.591796875 0.884033203125 0.5921223958333334 0.884765625 0.5921223958333334 0.885498046875 0.5924479166666666 0.886962890625 0.5934244791666666 0.888427734375 0.5940755208333334 0.89013671875 0.5944010416666666 0.891845703125 0.5944010416666666 0.89306640625 0.5947265625 0.89404296875 0.5950520833333334 0.894775390625 0.5953776041666666 0.8955078125 0.595703125 0.89697265625 0.5966796875 0.898193359375 0.5979817708333334 0.899658203125 0.5989583333333334 0.90283203125 0.6009114583333334 0.904052734375 0.6022135416666666 0.9052734375 0.6031901041666666 0.90625 0.6038411458333334 0.90771484375 0.6048177083333334 0.912353515625 0.607421875 0.913818359375 0.6083984375 0.9169921875 0.6110026041666666 0.9189453125 0.6129557291666666 0.920166015625 0.6139322916666666 0.921875 0.615234375 0.925537109375 0.6178385416666666 0.926025390625 0.6181640625 0.926513671875 0.6184895833333334 0.9287109375 0.6197916666666666 0.931396484375 0.62109375 0.931884765625 0.6214192708333334 0.932373046875 0.6217447916666666 0.93408203125 0.6233723958333334 0.935546875 0.6243489583333334 0.936767578125 0.625 0.9375 0.6253255208333334 0.941162109375 0.6266276041666666 0.9443359375 0.6285807291666666 0.9462890625 0.6295572916666666 0.947021484375 0.6298828125 0.94775390625 0.6302083333333334 0.949951171875 0.6305338541666666 0.95068359375 0.630859375 0.951416015625 0.6311848958333334 0.95458984375 0.6334635416666666 0.957275390625 0.6350911458333334 0.95849609375 0.6357421875 0.959228515625 0.6360677083333334 0.960693359375 0.6363932291666666 0.962158203125 0.6370442708333334 0.96337890625 0.6376953125 0.965576171875 0.6396484375 0.966064453125 0.6399739583333334 0.966552734375 0.6402994791666666 0.96728515625 0.640625 0.96826171875 0.640625 0.968994140625 0.6409505208333334 0.970458984375 0.6419270833333334 0.97119140625 0.6419270833333334 0.971923828125 0.6409505208333334 0.97216796875 0.6402994791666666 0.972412109375 0.6389973958333334 0.972412109375 0.6380208333333334 0.97216796875 0.6370442708333334 0.971923828125 0.6363932291666666 0.9716796875 0.6357421875 0.969482421875 0.6328125 0.96875 0.6321614583333334 0.96826171875 0.6318359375 0.967041015625 0.6315104166666666 0.96337890625 0.62890625 0.962646484375 0.6285807291666666 0.9619140625 0.6285807291666666 0.960693359375 0.6279296875 0.955078125 0.6243489583333334 0.9541015625 0.6240234375 0.952392578125 0.6236979166666666 0.95166015625 0.6233723958333334 0.9501953125 0.6223958333333334 0.94677734375 0.6201171875 0.945556640625 0.619140625 0.9443359375 0.6178385416666666 0.94287109375 0.6168619791666666 0.939453125 0.6145833333333334 0.937255859375 0.6136067708333334 0.93603515625 0.6126302083333334 0.934326171875 0.6106770833333334 0.93359375 0.6100260416666666 0.93212890625 0.6090494791666666 0.92626953125 0.60546875 0.92529296875 0.6048177083333334 0.923828125 0.6038411458333334 0.92236328125 0.6025390625 0.918701171875 0.5989583333333334 0.91796875 0.5983072916666666 0.915283203125 0.5966796875 0.9140625 0.5953776041666666 0.912353515625 0.5940755208333334 0.911865234375 0.59375 0.910888671875 0.5934244791666666 0.90966796875 0.5924479166666666 0.907958984375 0.5904947916666666 0.906494140625 0.5891927083333334 0.904296875 0.5875651041666666 0.903564453125 0.5869140625 0.90087890625 0.5833333333333334 0.900390625 0.5823567708333334 0.899658203125 0.5804036458333334 0.898681640625 0.5784505208333334 0.89697265625 0.5751953125 0.89599609375 0.5738932291666666 0.894775390625 0.5729166666666666 0.89306640625 0.5709635416666666 0.890625 0.5677083333333334 0.89013671875 0.5667317708333334 0.889404296875 0.564453125 0.888427734375 0.5631510416666666 0.886962890625 0.5621744791666666 0.88525390625 0.5615234375 0.884765625 0.5611979166666666 0.884033203125 0.560546875 0.883056640625 0.5595703125 0.879638671875 0.5553385416666666 0.87841796875 0.5543619791666666 0.876953125 0.5524088541666666 0.876220703125 0.5517578125 0.87548828125 0.5514322916666666 0.874755859375 0.55078125 0.87353515625 0.548828125
1 0.9847412109375 0.5784348048894855 0.0302734375 0.10387257772102905 0.98583984375 0.5550130208333334 2 0.994384765625 0.5270182291666666 0.994384765625 0.52734375 0.993896484375 0.5279947916666666 0.99365234375 0.5286458333333334 0.9931640625 0.5309244791666666 0.99267578125 0.5319010416666666 0.991943359375 0.5328776041666666 0.9912109375 0.5335286458333334 0.99072265625 0.5338541666666666 0.990234375 0.5341796875 0.9892578125 0.5345052083333334 0.986083984375 0.5354817708333334 0.9833984375 0.5361328125 0.981201171875 0.5361328125 0.979736328125 0.5354817708333334 0.977783203125 0.5354817708333334 0.97705078125 0.5358072916666666 0.976318359375 0.5361328125 0.97412109375 0.5377604166666666 0.973388671875 0.5380859375 0.97216796875 0.5380859375 0.97119140625 0.5384114583333334 0.9697265625 0.5393880208333334 0.9697265625 0.5400390625 0.969970703125 0.5406901041666666 0.970703125 0.5419921875 0.97119140625 0.5432942708333334 0.97119140625 0.5445963541666666 0.970703125 0.5455729166666666 0.970458984375 0.546875 0.9697265625 0.5517578125 0.9697265625 0.5553385416666666 0.970458984375 0.5572916666666666 0.971435546875 0.5589192708333334 0.9716796875 0.5595703125 0.971923828125 0.5602213541666666 0.97216796875 0.5611979166666666 0.972412109375 0.5625 0.972900390625 0.5657552083333334 0.973388671875 0.5686848958333334 0.9736328125 0.5706380208333334 0.973876953125 0.5745442708333334 0.973876953125 0.5813802083333334 0.97412109375 0.5830078125 0.974365234375 0.583984375 0.974609375 0.5849609375 0.9755859375 0.5872395833333334 0.976318359375 0.5901692708333334 0.976318359375 0.5930989583333334 0.975830078125 0.5960286458333334 0.975830078125 0.5966796875 0.97607421875 0.5986328125 0.976318359375 0.5999348958333334 0.976806640625 0.6009114583333334 0.97705078125 0.6022135416666666 0.97705078125 0.6044921875 0.977294921875 0.6064453125 0.978271484375 0.6097005208333334 0.978271484375 0.6106770833333334 0.978515625 0.6110026041666666 0.978515625 0.6116536458333334 0.978271484375 0.6119791666666666 0.978271484375 0.6129557291666666 0.9775390625 0.6145833333333334 0.97705078125 0.6162109375 0.97705078125 0.6171875 0.977783203125 0.619140625 0.978271484375 0.6197916666666666 0.978515625 0.6204427083333334 0.978759765625 0.62109375 0.97900390625 0.6220703125 0.979248046875 0.6243489583333334 0.9794921875 0.625 0.979736328125 0.6256510416666666 0.98046875 0.6266276041666666 0.98095703125 0.626953125 0.9814453125 0.6272786458333334 0.98193359375 0.6272786458333334 0.982421875 0.6276041666666666 0.983154296875 0.6282552083333334 0.98388671875 0.6292317708333334 0.984375 0.6295572916666666 0.98486328125 0.6298828125 0.985595703125 0.6302083333333334 0.98681640625 0.6302083333333334 0.9873046875 0.6298828125 0.98779296875 0.6295572916666666 0.989501953125 0.6272786458333334 0.98974609375 0.6266276041666666 0.989990234375 0.6259765625 0.990234375 0.625 0.990478515625 0.6233723958333334 0.990478515625 0.6083984375 0.99072265625 0.6048177083333334 0.990966796875 0.6022135416666666 0.9912109375 0.6005859375 0.991943359375 0.59765625 0.99267578125 0.595703125 0.9931640625 0.5947265625 0.994384765625 0.5934244791666666 0.99462890625 0.5930989583333334 0.995361328125 0.591796875 0.995849609375 0.5908203125 0.996337890625 0.58984375 0.9970703125 0.5882161458333334 0.9970703125 0.5875651041666666 0.997802734375 0.5865885416666666 0.998046875 0.5856119791666666 0.999755859375 0.5852864583333334 0.999755859375 0.52734375 0.9970703125 0.52734375 0.994873046875 0.5266927083333334
1 0.53662109375 0.0947121828767229 0.067138671875 0.1455365717465542 0.526611328125 0.06510416666666667 2 0.516357421875 0.022135416666666668 0.51513671875 0.0224609375 0.514404296875 0.022786458333333332 0.513671875 0.0234375 0.512939453125 0.0244140625 0.51220703125 0.0263671875 0.511962890625 0.02734375 0.511962890625 0.029296875 0.51220703125 0.0302734375 0.512939453125 0.031901041666666664 0.51611328125 0.0361328125 0.517822265625 0.037760416666666664 0.51806640625 0.037760416666666664 0.518310546875 0.0380859375 0.5185546875 0.038736979166666664 0.5185546875 0.039713541666666664 0.518310546875 0.040364583333333336 0.517333984375 0.041666666666666664 0.516845703125 0.042643229166666664 0.5166015625 0.043294270833333336 0.516357421875 0.0439453125 0.51611328125 0.045572916666666664 0.51611328125 0.048828125 0.515869140625 0.050455729166666664 0.51513671875 0.052408854166666664 0.513671875 0.054361979166666664 0.51318359375 0.0546875 0.511474609375 0.055013020833333336 0.50927734375 0.055013020833333336 0.508056640625 0.055338541666666664 0.507080078125 0.0556640625 0.50634765625 0.055989583333333336 0.50390625 0.059244791666666664 0.50341796875 0.060221354166666664 0.503173828125 0.06315104166666667 0.503173828125 0.064453125 0.50341796875 0.06575520833333333 0.504150390625 0.06803385416666667 0.504638671875 0.07161458333333333 0.5048828125 0.07259114583333333 0.505615234375 0.07454427083333333 0.505615234375 0.07649739583333333 0.504638671875 0.07975260416666667 0.504150390625 0.08235677083333333 0.50341796875 0.08626302083333333 0.50341796875 0.091796875 0.50390625 0.09309895833333333 0.50390625 0.09440104166666667 0.504150390625 0.095703125 0.50439453125 0.0966796875 0.505126953125 0.09830729166666667 0.50634765625 0.09993489583333333 0.507080078125 0.1005859375 0.509033203125 0.10221354166666667 0.509765625 0.1025390625 0.510986328125 0.10286458333333333 0.51318359375 0.10286458333333333 0.5146484375 0.10319010416666667 0.515625 0.103515625 0.517333984375 0.1044921875 0.51953125 0.10481770833333333 0.5205078125 0.10514322916666667 0.52099609375 0.10546875 0.521240234375 0.10677083333333333 0.52099609375 0.107421875 0.520751953125 0.10774739583333333 0.52001953125 0.10807291666666667 0.519287109375 0.10904947916666667 0.518798828125 0.11002604166666667 0.5185546875 0.11067708333333333 0.518310546875 0.11165364583333333 0.51806640625 0.11295572916666667 0.517822265625 0.11458333333333333 0.517822265625 0.1201171875 0.51806640625 0.12174479166666667 0.518310546875 0.12239583333333333 0.52001953125 0.125 0.52099609375 0.12760416666666666 0.521484375 0.12858072916666666 0.522216796875 0.1298828125 0.524169921875 0.1328125 0.5244140625 0.13313802083333334 0.525390625 0.13411458333333334 0.526611328125 0.13509114583333334 0.52783203125 0.1357421875 0.528564453125 0.13606770833333334 0.529296875 0.13639322916666666 0.530029296875 0.13639322916666666 0.53076171875 0.13671875 0.531494140625 0.13704427083333334 0.53271484375 0.13802083333333334 0.533935546875 0.138671875 0.53564453125 0.13932291666666666 0.53662109375 0.1396484375 0.538818359375 0.13997395833333334 0.5400390625 0.14029947916666666 0.54052734375 0.140625 0.541748046875 0.14225260416666666 0.542236328125 0.14388020833333334 0.543701171875 0.14680989583333334 0.54443359375 0.14811197916666666 0.546630859375 0.15104166666666666 0.54736328125 0.15266927083333334 0.54833984375 0.15559895833333334 0.55029296875 0.15950520833333334 0.551513671875 0.1611328125 0.553466796875 0.16243489583333334 0.55615234375 0.166015625 0.556640625 0.16634114583333334 0.55712890625 0.16666666666666666 0.557861328125 0.1669921875 0.55908203125 0.16731770833333334 0.560546875 0.16731770833333334 0.56103515625 0.1669921875 0.5615234375 0.16666666666666666 0.562255859375 0.166015625 0.563232421875 0.1650390625 0.564453125 0.16341145833333334 0.564697265625 0.16276041666666666 0.5654296875 0.15983072916666666 0.565673828125 0.15852864583333334 0.56640625 0.15364583333333334 0.56640625 0.15006510416666666 0.566650390625 0.14713541666666666 0.5673828125 0.14225260416666666 0.5673828125 0.13704427083333334 0.56689453125 0.1357421875 0.565673828125 0.1328125 0.5654296875 0.1318359375 0.5654296875 0.130859375 0.565185546875 0.1298828125 0.56494140625 0.12923177083333334 0.564208984375 0.12825520833333334 0.56396484375 0.12760416666666666 0.56396484375 0.125 0.564208984375 0.12239583333333333 0.564208984375 0.12174479166666667 0.563720703125 0.12076822916666667 0.5615234375 0.11783854166666667 0.5615234375 0.1171875 0.561767578125 0.11653645833333333 0.56201171875 0.1162109375 0.5625 0.11588541666666667 0.564453125 0.115234375 0.566650390625 0.11393229166666667 0.568115234375 0.11295572916666667 0.569091796875 0.11165364583333333 0.5693359375 0.11067708333333333 0.569580078125 0.109375 0.56982421875 0.10774739583333333 0.570068359375 0.1025390625 0.570068359375 0.10188802083333333 0.56982421875 0.10026041666666667 0.569580078125 0.09895833333333333 0.569091796875 0.09700520833333333 0.56884765625 0.09602864583333333 0.568359375 0.09505208333333333 0.567138671875 0.09309895833333333 0.566650390625 0.09212239583333333 0.566162109375 0.09049479166666667 0.565673828125 0.08951822916666667 0.564453125 0.087890625 0.563720703125 0.08723958333333333 0.56298828125 0.0869140625 0.56103515625 0.08430989583333333 0.559814453125 0.08333333333333333 0.558837890625 0.08203125 0.558349609375 0.0810546875 0.55810546875 0.08040364583333333 0.557861328125 0.07975260416666667 0.5576171875 0.07877604166666667 0.557373046875 0.07747395833333333 0.55712890625 0.076171875 0.55712890625 0.07454427083333333 0.556884765625 0.0732421875 0.556640625 0.072265625 0.55615234375 0.07063802083333333 0.555419921875 0.06901041666666667 0.5546875 0.06575520833333333 0.554443359375 0.06510416666666667 0.55419921875 0.064453125 0.5537109375 0.0634765625 0.55322265625 0.06282552083333333 0.552490234375 0.0625 0.552001953125 0.0625 0.55078125 0.06315104166666667 0.549072265625 0.064453125 0.54833984375 0.064453125 0.5478515625 0.06380208333333333 0.547607421875 0.06380208333333333 0.54736328125 0.0634765625 0.54736328125 0.06315104166666667 0.546875 0.0625 0.546142578125 0.060546875 0.5458984375 0.058919270833333336 0.545654296875 0.058268229166666664 0.54541015625 0.0576171875 0.544921875 0.056640625 0.54443359375 0.0556640625 0.54345703125 0.054361979166666664 0.542724609375 0.053059895833333336 0.5419921875 0.051106770833333336 0.541748046875 0.049479166666666664 0.54150390625 0.048828125 0.540771484375 0.047526041666666664 0.5390625 0.045247395833333336 0.537841796875 0.042643229166666664 0.53759765625 0.0419921875 0.537353515625 0.040364583333333336 0.537109375 0.039388020833333336 0.53662109375 0.038411458333333336 0.53515625 0.036458333333333336 0.53466796875 0.035481770833333336 0.5341796875 0.033854166666666664 0.53369140625 0.032877604166666664 0.532958984375 0.0322265625 0.5322265625 0.031901041666666664 0.53076171875 0.029947916666666668 0.530029296875 0.027669270833333332 0.529296875 0.026692708333333332 0.528564453125 0.026041666666666668 0.528076171875 0.025716145833333332 0.527587890625 0.025716145833333332 0.527099609375 0.025390625 0.526611328125 0.025065104166666668 0.52587890625 0.024088541666666668 0.524658203125 0.0234375 0.52294921875 0.022786458333333332 0.52197265625 0.0224609375 0.52001953125 0.022135416666666668
1 0.57666015625 0.7180711555349527 0.073974609375 0.11887070976342769 0.0 0.0 0 0.555908203125 0.6588541666666666 0.555419921875 0.6591796875 0.554931640625 0.6595052083333334 0.55224609375 0.6614583333333334 0.55078125 0.6630859375 0.550048828125 0.6634114583333334 0.54931640625 0.6640625 0.54833984375 0.6650390625 0.5458984375 0.6686197916666666 0.544189453125 0.6708984375 0.542724609375 0.6725260416666666 0.541748046875 0.6731770833333334 0.540283203125 0.6751302083333334 0.5400390625 0.6764322916666666 0.5400390625 0.677734375 0.539794921875 0.6780598958333334 0.539794921875 0.6790364583333334 0.540283203125 0.6800130208333334 0.540771484375 0.6803385416666666 0.54150390625 0.6809895833333334 0.542724609375 0.681640625 0.543701171875 0.6826171875 0.54541015625 0.6848958333333334 0.54541015625 0.6852213541666666 0.547119140625 0.6875 0.548095703125 0.6884765625 0.549072265625 0.6891276041666666 0.552490234375 0.69140625 0.55322265625 0.6917317708333334 0.554931640625 0.6920572916666666 0.5556640625 0.6923828125 0.55615234375 0.6927083333333334 0.556640625 0.6930338541666666 0.55908203125 0.6953125 0.560791015625 0.6962890625 0.564208984375 0.7008463541666666 0.566162109375 0.7044270833333334 0.569580078125 0.708984375 0.5703125 0.7102864583333334 0.57080078125 0.7115885416666666 0.57275390625 0.7141927083333334 0.5732421875 0.7151692708333334 0.573486328125 0.7161458333333334 0.573974609375 0.7171223958333334 0.57470703125 0.7180989583333334 0.5751953125 0.7190755208333334 0.57666015625 0.72265625 0.5791015625 0.7272135416666666 0.579833984375 0.7288411458333334 0.580322265625 0.73046875 0.5810546875 0.7320963541666666 0.581787109375 0.7337239583333334 0.583251953125 0.7366536458333334 0.58447265625 0.7389322916666666 0.586181640625 0.7415364583333334 0.586669921875 0.7425130208333334 0.587158203125 0.744140625 0.588623046875 0.7464192708333334 0.589111328125 0.7473958333333334 0.590087890625 0.7496744791666666 0.59033203125 0.7503255208333334 0.59033203125 0.7509765625 0.590576171875 0.7516276041666666 0.592041015625 0.7535807291666666 0.593505859375 0.7545572916666666 0.59423828125 0.7552083333333334 0.59521484375 0.7565104166666666 0.59619140625 0.7571614583333334 0.59716796875 0.7581380208333334 0.59912109375 0.7607421875 0.599853515625 0.7620442708333334 0.60009765625 0.7626953125 0.600341796875 0.7633463541666666 0.6005859375 0.7666015625 0.6005859375 0.7724609375 0.601806640625 0.7740885416666666 0.602294921875 0.7744140625 0.60302734375 0.7747395833333334 0.603759765625 0.7750651041666666 0.60595703125 0.775390625 0.607666015625 0.7763671875 0.60888671875 0.7763671875 0.60986328125 0.7766927083333334 0.610595703125 0.77734375 0.611083984375 0.77734375 0.611572265625 0.7770182291666666 0.61181640625 0.7760416666666666 0.6123046875 0.7750651041666666 0.613037109375 0.7727864583333334 0.61328125 0.7718098958333334 0.613525390625 0.7705078125 0.613525390625 0.767578125 0.61328125 0.7666015625 0.613037109375 0.765625 0.612548828125 0.7639973958333334 0.6123046875 0.7633463541666666 0.61181640625 0.7623697916666666 0.611083984375 0.7610677083333334 0.610107421875 0.759765625 0.608642578125 0.7565104166666666 0.606689453125 0.75390625 0.605224609375 0.7516276041666666 0.604248046875 0.75 0.603515625 0.7483723958333334 0.60205078125 0.7464192708333334 0.601318359375 0.7451171875 0.6005859375 0.7428385416666666 0.60009765625 0.7418619791666666 0.598876953125 0.740234375 0.59765625 0.7376302083333334 0.59619140625 0.7353515625 0.5947265625 0.7333984375 0.59375 0.7314453125 0.591552734375 0.7281901041666666 0.588134765625 0.7236328125 0.587646484375 0.72265625 0.58642578125 0.7194010416666666 0.585693359375 0.7180989583333334 0.58203125 0.7132161458333334 0.58056640625 0.7109375 0.579833984375 0.7096354166666666 0.57861328125 0.7073567708333334 0.577392578125 0.705078125 0.57568359375 0.7018229166666666 0.575439453125 0.7008463541666666 0.574951171875 0.6998697916666666 0.573486328125 0.6975911458333334 0.572021484375 0.6946614583333334 0.570556640625 0.6910807291666666 0.570068359375 0.6897786458333334 0.5693359375 0.6878255208333334 0.569091796875 0.6868489583333334 0.56884765625 0.6858723958333334 0.56787109375 0.6796875 0.567626953125 0.6787109375 0.567138671875 0.6780598958333334 0.56689453125 0.6774088541666666 0.566650390625 0.6764322916666666 0.566650390625 0.6751302083333334 0.56640625 0.6741536458333334 0.566162109375 0.6731770833333334 0.5654296875 0.6715494791666666 0.564208984375 0.6695963541666666 0.563232421875 0.6666666666666666 0.561767578125 0.6637369791666666 0.56103515625 0.6624348958333334 0.560302734375 0.6614583333333334 0.56005859375 0.6614583333333334 0.55908203125 0.66015625 0.558349609375 0.6595052083333334 0.557861328125 0.6591796875 0.557373046875 0.6588541666666666
