0 0.20788551543282058 0.46610855929954753 0.043456273135874995 0.11171148924532244 0.202392578125 0.4261067708333333 2 0.197021484375 0.4104817708333333 0.193115234375 0.4147135416666667 0.1923828125 0.41796875 0.192626953125 0.4248046875 0.19189453125 0.4287109375 0.19189453125 0.4309895833333333 0.192626953125 0.4352213541666667 0.193115234375 0.4358723958333333 0.19384765625 0.4384765625 0.19384765625 0.4410807291666667 0.193115234375 0.443359375 0.192138671875 0.4446614583333333 0.189697265625 0.4459635416666667 0.18896484375 0.447265625 0.18798828125 0.4508463541666667 0.187744140625 0.4557291666666667 0.1865234375 0.4606119791666667 0.186279296875 0.4671223958333333 0.186767578125 0.4713541666666667 0.1875 0.4739583333333333 0.188232421875 0.4794921875 0.190185546875 0.4895833333333333 0.192626953125 0.4967447916666667 0.1943359375 0.4996744791666667 0.196533203125 0.5022786458333334 0.203369140625 0.5074869791666666 0.205322265625 0.5084635416666666 0.209716796875 0.5094401041666666 0.214111328125 0.5123697916666666 0.2177734375 0.515625 0.220703125 0.5201822916666666 0.223876953125 0.5218098958333334 0.224609375 0.521484375 0.22705078125 0.5182291666666666 0.228515625 0.513671875 0.228515625 0.5120442708333334 0.227783203125 0.5094401041666666 0.227294921875 0.5052083333333334 0.227294921875 0.5003255208333334 0.2294921875 0.4827473958333333 0.22900390625 0.4762369791666667 0.2275390625 0.4710286458333333 0.225830078125 0.4664713541666667 0.22216796875 0.4596354166666667 0.22119140625 0.45703125 0.2177734375 0.4518229166666667 0.21533203125 0.4446614583333333 0.21435546875 0.443359375 0.2119140625 0.4420572916666667 0.210693359375 0.4404296875 0.210205078125 0.4375 0.210205078125 0.4342447916666667 0.2109375 0.4313151041666667 0.2109375 0.4287109375 0.21044921875 0.4274088541666667 0.2080078125 0.4235026041666667 0.204833984375 0.4205729166666667 0.20361328125 0.4189453125 0.200927734375 0.4137369791666667 0.199462890625 0.4117838541666667 0.197998046875 0.4104817708333333
0 0.2681738913773072 0.3655933174792625 0.024412401602030287 0.06676021311675003 0.270751953125 0.3551432291666667 2 0.2687841796875 0.3324055989583333 0.2675634765625 0.33273111979166664 0.2670751953125 0.333056640625 0.2643896484375 0.3366373697916667 0.2619482421875 0.337939453125 0.2602392578125 0.3382649739583334 0.2585302734375 0.3392415364583334 0.2577978515625 0.3402180989583334 0.2570654296875 0.3421712239583334 0.2568212890625 0.3434733072916667 0.2568212890625 0.3473795572916667 0.2573095703125 0.3551920572916667 0.2568212890625 0.3590983072916667 0.2570654296875 0.360400390625 0.2577978515625 0.3617024739583334 0.2585302734375 0.3639811197916667 0.2585302734375 0.366259765625 0.2570654296875 0.3747233072916667 0.2570654296875 0.376025390625 0.2575537109375 0.3796061197916667 0.2575537109375 0.383837890625 0.2573095703125 0.3874186197916667 0.2560888671875 0.3952311197916667 0.2563330078125 0.3971842447916667 0.2568212890625 0.398486328125 0.2607275390625 0.3988118489583334 0.2643896484375 0.3968587239583334 0.2673193359375 0.3949055989583334 0.2697607421875 0.3942545572916667 0.2724462890625 0.3929524739583334 0.2783056640625 0.387744140625 0.2790380859375 0.386767578125 0.2792822265625 0.386767578125 0.2797705078125 0.3861165364583334 0.2802587890625 0.3844889322916667 0.2802587890625 0.3786295572916667 0.2797705078125 0.3763509114583334 0.2792822265625 0.3695149739583334 0.2795263671875 0.363330078125 0.2800146484375 0.360400390625 0.2800146484375 0.3519368489583334 0.2795263671875 0.3483561197916667 0.2770849609375 0.341845703125 0.2761083984375 0.3402180989583334 0.2741552734375 0.3376139322916667 0.2729345703125 0.3353352864583334 0.2717138671875 0.3337076822916667
0 0.40502922438666533 0.3108027092697651 0.046630714398330664 0.2556679766134972 0.402587890625 0.20345052083333334 2 0.39754638671875 0.18319661458333333 0.38893310546875 0.19767252604166666 0.38576904296875 0.20124023437500002 0.386474609375 0.20963541666666666 0.38818359375 0.21875 0.38818359375 0.22200520833333334 0.386962890625 0.22591145833333334 0.3837890625 0.23177083333333334 0.3828125 0.23697916666666666 0.3818359375 0.2529296875 0.3818359375 0.2744140625 0.384765625 0.2877604166666667 0.3896484375 0.2994791666666667 0.39794921875 0.3147786458333333 0.4013671875 0.3248697916666667 0.4072265625 0.3834635416666667 0.407958984375 0.3977864583333333 0.410400390625 0.4140625 0.412353515625 0.4345703125 0.414306640625 0.4378255208333333 0.4169921875 0.4384765625 0.419189453125 0.4371744791666667 0.4208984375 0.4332682291666667 0.421875 0.42578125 0.421630859375 0.4117838541666667 0.41552734375 0.3567708333333333 0.414306640625 0.3255208333333333 0.416748046875 0.3151041666666667 0.42041015625 0.3037109375 0.425537109375 0.2913411458333333 0.42724609375 0.2841796875 0.42822265625 0.2760416666666667 0.427734375 0.2626953125 0.4248046875 0.2421875 0.421630859375 0.2333984375 0.4189453125 0.22819010416666666 0.4111328125 0.21907552083333334 0.40869140625 0.21516927083333334 0.40640380859375 0.20284505208333334 0.41637939453125 0.196533203125 0.41208984375 0.1934244791666667
0 0.5067140959194538 0.3128118500908871 0.0615222227481661 0.18262380280571575 0.526611328125 0.24609375 2 0.521728515625 0.2216796875 0.51953125 0.22200520833333334 0.517333984375 0.22493489583333334 0.516845703125 0.22721354166666666 0.517822265625 0.23209635416666666 0.516845703125 0.2333984375 0.51318359375 0.234375 0.510009765625 0.232421875 0.505859375 0.23274739583333334 0.50537109375 0.23404947916666666 0.50537109375 0.24186197916666666 0.510498046875 0.24967447916666666 0.511474609375 0.2532552083333333 0.5068359375 0.2639973958333333 0.505126953125 0.2705078125 0.50390625 0.279296875 0.500244140625 0.2890625 0.498291015625 0.2985026041666667 0.498291015625 0.3098958333333333 0.4990234375 0.3138020833333333 0.501953125 0.3216145833333333 0.503173828125 0.3268229166666667 0.5029296875 0.3372395833333333 0.501953125 0.3414713541666667 0.495849609375 0.3570963541666667 0.482421875 0.3824869791666667 0.4794921875 0.3902994791666667 0.47802734375 0.392578125 0.4765625 0.3977864583333333 0.47607421875 0.4033203125 0.477294921875 0.4039713541666667 0.479248046875 0.4029947916666667 0.48193359375 0.3968098958333333 0.48681640625 0.3893229166666667 0.48828125 0.3860677083333333 0.494140625 0.3779296875 0.4970703125 0.3720703125 0.503662109375 0.3629557291666667 0.51171875 0.34765625 0.529541015625 0.322265625 0.53369140625 0.3134765625 0.536376953125 0.3046875 0.536865234375 0.3001302083333333 0.53662109375 0.2861328125 0.537353515625 0.2737630208333333 0.536376953125 0.2659505208333333 0.5341796875 0.2571614583333333 0.53662109375 0.25390625 0.537109375 0.2513020833333333 0.536376953125 0.24772135416666666 0.53271484375 0.23795572916666666 0.5322265625 0.23177083333333334 0.531005859375 0.22786458333333334 0.529541015625 0.22688802083333334 0.526123046875 0.22623697916666666
0 0.4644775390625 0.6775716145833334 0.1025390625 0.07682291666666667 0.0 0.0 0 0.413330078125 0.6839192708333334 0.413330078125 0.6852213541666666 0.4150390625 0.6901041666666666 0.4189453125 0.6946614583333334 0.421142578125 0.6962890625 0.439697265625 0.7044270833333334 0.44287109375 0.7093098958333334 0.447265625 0.7093098958333334 0.45166015625 0.7125651041666666 0.46337890625 0.7151692708333334 0.469970703125 0.7158203125 0.48046875 0.7158203125 0.4990234375 0.7115885416666666 0.505126953125 0.7096354166666666 0.51220703125 0.7060546875 0.514404296875 0.703125 0.515625 0.6995442708333334 0.515625 0.6956380208333334 0.513916015625 0.689453125 0.51318359375 0.6884765625 0.509619140625 0.6900651041666667 0.49748779296875 0.698154296875 0.4807666015625 0.7012467447916667 0.463134765625 0.697265625 0.4580078125 0.6953125 0.45458984375 0.69140625 0.45361328125 0.6891276041666666 0.45263671875 0.6839192708333334 0.449951171875 0.67578125 0.44873046875 0.6650390625 0.44677734375 0.6578776041666666 0.444091796875 0.65234375 0.44189453125 0.6490885416666666 0.43994140625 0.64453125 0.43603515625 0.6393229166666666 0.4345703125 0.6393229166666666 0.43212890625 0.640625 0.43115234375 0.6419270833333334 0.4287109375 0.6539713541666666 0.42626953125 0.6588541666666666 0.422119140625 0.6637369791666666 0.419189453125 0.6712239583333334 0.414794921875 0.6793619791666666
1 0.4329790330011527 0.3254630362249477 0.02587017537730535 0.2196972023535632 0.43408203125 0.234375 2 0.435302734375 0.2158203125 0.4345703125 0.21614583333333334 0.43408203125 0.21647135416666666 0.43359375 0.21712239583333334 0.433349609375 0.21809895833333334 0.43212890625 0.22200520833333334 0.43115234375 0.22623697916666666 0.430419921875 0.22819010416666666 0.428955078125 0.23014322916666666 0.428466796875 0.23046875 0.427978515625 0.23079427083333334 0.426513671875 0.23079427083333334 0.42578125 0.23046875 0.42529296875 0.23014322916666666 0.4248046875 0.22981770833333334 0.424072265625 0.22884114583333334 0.42333984375 0.22819010416666666 0.4228515625 0.22819010416666666 0.422607421875 0.22884114583333334 0.422607421875 0.232421875 0.423095703125 0.23404947916666666 0.423095703125 0.23567708333333334 0.42333984375 0.23665364583333334 0.423583984375 0.23763020833333334 0.42431640625 0.2392578125 0.424560546875 0.240234375 0.4248046875 0.2412109375 0.425048828125 0.24251302083333334 0.425048828125 0.24479166666666666 0.42529296875 0.2470703125 0.426025390625 0.24934895833333334 0.42626953125 0.2506510416666667 0.426513671875 0.251953125 0.4267578125 0.2535807291666667 0.427001953125 0.2561848958333333 0.427490234375 0.2610677083333333 0.427734375 0.2639973958333333 0.427978515625 0.2692057291666667 0.427978515625 0.2776692708333333 0.427734375 0.2809244791666667 0.427490234375 0.2835286458333333 0.42724609375 0.28515625 0.427001953125 0.2864583333333333 0.4267578125 0.2877604166666667 0.426513671875 0.2887369791666667 0.42626953125 0.2897135416666667 0.4248046875 0.2939453125 0.42431640625 0.2965494791666667 0.423828125 0.2981770833333333 0.423583984375 0.298828125 0.42333984375 0.2994791666666667 0.42236328125 0.3014322916666667 0.42138671875 0.3040364583333333 0.421142578125 0.3050130208333333 0.4208984375 0.3063151041666667 0.420654296875 0.3079427083333333 0.42041015625 0.3102213541666667 0.42041015625 0.3160807291666667 0.4208984375 0.3330078125 0.4208984375 0.33984375 0.4208984375 0.35546875 0.4208984375 0.3570963541666667 0.420654296875 0.3619791666666667 0.420166015625 0.3649088541666667 0.420166015625 0.3740234375 0.420654296875 0.3766276041666667 0.420654296875 0.3863932291666667 0.4208984375 0.3909505208333333 0.421142578125 0.3938802083333333 0.42138671875 0.3951822916666667 0.421630859375 0.396484375 0.421875 0.3974609375 0.422119140625 0.3984375 0.422607421875 0.4000651041666667 0.4228515625 0.4007161458333333 0.423095703125 0.4013671875 0.423828125 0.4026692708333333 0.4248046875 0.4039713541666667 0.42529296875 0.4052734375 0.426025390625 0.4065755208333333 0.42724609375 0.408203125 0.427734375 0.4095052083333333 0.4287109375 0.412109375 0.428955078125 0.4130859375 0.428955078125 0.4163411458333333 0.428466796875 0.4189453125 0.42822265625 0.4222005208333333 0.42822265625 0.4261067708333333 0.428466796875 0.4280598958333333 0.4287109375 0.4293619791666667 0.428955078125 0.4303385416666667 0.42919921875 0.4313151041666667 0.429931640625 0.4332682291666667 0.430908203125 0.4352213541666667 0.431396484375 0.4339192708333333 0.431396484375 0.4332682291666667 0.431884765625 0.4319661458333333 0.43212890625 0.4303385416666667 0.432373046875 0.4251302083333333 0.432373046875 0.4166666666666667 0.431884765625 0.4055989583333333 0.431884765625 0.3981119791666667 0.43212890625 0.3922526041666667 0.4326171875 0.3896484375 0.4326171875 0.3850911458333333 0.432373046875 0.3837890625 0.431884765625 0.3824869791666667 0.431640625 0.380859375 0.431396484375 0.3792317708333333 0.431640625 0.3714192708333333 0.431396484375 0.3655598958333333 0.431396484375 0.3606770833333333 0.431640625 0.359375 0.431884765625 0.3587239583333333 0.43310546875 0.3570963541666667 0.4345703125 0.3557942708333333 0.433837890625 0.35546875 0.432373046875 0.353515625 0.43212890625 0.3528645833333333 0.431884765625 0.3522135416666667 0.43115234375 0.3492838541666667 0.430908203125 0.3479817708333333 0.4306640625 0.345703125 0.4306640625 0.3333333333333333 0.43017578125 0.3229166666666667 0.43017578125 0.3111979166666667 0.430419921875 0.3040364583333333 0.4306640625 0.3011067708333333 0.430908203125 0.2991536458333333 0.43115234375 0.2978515625 0.431396484375 0.296875 0.431884765625 0.2952473958333333 0.432373046875 0.2939453125 0.43359375 0.2913411458333333 0.434326171875 0.2893880208333333 0.435302734375 0.2854817708333333 0.43603515625 0.2822265625 0.4365234375 0.2799479166666667 0.436767578125 0.2783203125 0.43701171875 0.2740885416666667 0.437255859375 0.2727864583333333 0.4375 0.2718098958333333 0.437744140625 0.2708333333333333 0.43896484375 0.2679036458333333 0.439697265625 0.2652994791666667 0.43994140625 0.2639973958333333 0.440185546875 0.2623697916666667 0.440185546875 0.2584635416666667 0.4404296875 0.255859375 0.440673828125 0.2545572916666667 0.44091796875 0.2535807291666667 0.441162109375 0.2526041666666667 0.44189453125 0.2509765625 0.442626953125 0.248046875 0.44287109375 0.24674479166666666 0.443115234375 0.244140625 0.443359375 0.24283854166666666 0.44384765625 0.24055989583333334 0.444580078125 0.23860677083333334 0.4453125 0.23763020833333334 0.44580078125 0.23600260416666666 0.445556640625 0.2353515625 0.445068359375 0.234375 0.444580078125 0.23372395833333334 0.44384765625 0.23307291666666666 0.44287109375 0.232421875 0.441650390625 0.23079427083333334 0.43994140625 0.22819010416666666 0.439208984375 0.2275390625 0.4384765625 0.22721354166666666 0.437744140625 0.2265625 0.437255859375 0.22591145833333334 0.43701171875 0.21647135416666666 0.4365234375 0.21614583333333334 0.435791015625 0.2158203125
1 0.7203369140625 0.4010201081490831 0.044921875 0.06026447120183387 0.725830078125 0.3977864583333333 2 0.7119140625 0.37109375 0.711181640625 0.3714192708333333 0.709228515625 0.3727213541666667 0.70849609375 0.3733723958333333 0.70751953125 0.3743489583333333 0.705810546875 0.3766276041666667 0.705078125 0.3782552083333333 0.70361328125 0.3802083333333333 0.702392578125 0.3821614583333333 0.7021484375 0.3831380208333333 0.7021484375 0.384765625 0.702392578125 0.3860677083333333 0.70361328125 0.3889973958333333 0.703857421875 0.390625 0.7041015625 0.392578125 0.703857421875 0.3932291666666667 0.703125 0.3942057291666667 0.70068359375 0.3955078125 0.7001953125 0.3958333333333333 0.698974609375 0.3968098958333333 0.6982421875 0.3977864583333333 0.697998046875 0.3984375 0.697998046875 0.3990885416666667 0.698486328125 0.4000651041666667 0.69873046875 0.40234375 0.698974609375 0.4033203125 0.69921875 0.4039713541666667 0.7001953125 0.4055989583333333 0.70166015625 0.4075520833333333 0.702392578125 0.408203125 0.704833984375 0.4098307291666667 0.7060546875 0.4111328125 0.707275390625 0.412109375 0.707763671875 0.4124348958333333 0.708251953125 0.4127604166666667 0.70947265625 0.4134114583333333 0.71240234375 0.4147135416666667 0.71337890625 0.4150390625 0.714599609375 0.4150390625 0.7158203125 0.4153645833333333 0.716552734375 0.4156901041666667 0.71728515625 0.416015625 0.7177734375 0.4163411458333333 0.718505859375 0.4169921875 0.71923828125 0.4176432291666667 0.72021484375 0.4186197916666667 0.723876953125 0.4231770833333333 0.7265625 0.4254557291666667 0.72802734375 0.4274088541666667 0.72900390625 0.4283854166666667 0.73046875 0.4296875 0.7314453125 0.4306640625 0.73193359375 0.4309895833333333 0.73291015625 0.4309895833333333 0.733642578125 0.4300130208333333 0.734130859375 0.4287109375 0.73486328125 0.4267578125 0.7353515625 0.42578125 0.7373046875 0.4235026041666667 0.73828125 0.4222005208333333 0.739013671875 0.4202473958333333 0.7392578125 0.4186197916666667 0.73974609375 0.4176432291666667 0.742431640625 0.4140625 0.74267578125 0.4134114583333333 0.74267578125 0.4117838541666667 0.742431640625 0.4114583333333333 0.742431640625 0.4095052083333333 0.7421875 0.4085286458333333 0.741943359375 0.4078776041666667 0.7412109375 0.4069010416666667 0.7412109375 0.4065755208333333 0.74072265625 0.4059244791666667 0.739990234375 0.4052734375 0.73876953125 0.4049479166666667 0.73779296875 0.404296875 0.7373046875 0.4036458333333333 0.737060546875 0.4029947916666667 0.737548828125 0.40234375 0.738037109375 0.4020182291666667 0.73974609375 0.4016927083333333 0.740234375 0.4013671875 0.740966796875 0.400390625 0.741455078125 0.3994140625 0.74169921875 0.3987630208333333 0.741943359375 0.3977864583333333 0.74267578125 0.3935546875 0.742431640625 0.3922526041666667 0.741455078125 0.3909505208333333 0.74072265625 0.390625 0.739990234375 0.3899739583333333 0.739501953125 0.3893229166666667 0.7392578125 0.388671875 0.739013671875 0.3880208333333333 0.73876953125 0.3854166666666667 0.738525390625 0.3844401041666667 0.73828125 0.3837890625 0.738037109375 0.3831380208333333 0.7373046875 0.3821614583333333 0.73681640625 0.3818359375 0.73583984375 0.3815104166666667 0.7333984375 0.3818359375 0.732421875 0.3818359375 0.730224609375 0.3815104166666667 0.72900390625 0.3811848958333333 0.7275390625 0.3792317708333333 0.72705078125 0.3779296875 0.72607421875 0.3763020833333333 0.725830078125 0.3759765625 0.724609375 0.3746744791666667 0.72412109375 0.3743489583333333 0.7236328125 0.3740234375 0.722900390625 0.3736979166666667 0.72216796875 0.3733723958333333 0.72119140625 0.373046875 0.716796875 0.373046875 0.716064453125 0.3727213541666667 0.715087890625 0.3717447916666667 0.714599609375 0.3714192708333333 0.7138671875 0.37109375
1 0.8319091796875 0.5387154206490831 0.1318359375 0.06872801286850054 0.869140625 0.5302734375 2 0.843994140625 0.5045572916666666 0.84326171875 0.5048828125 0.8427734375 0.5052083333333334 0.84228515625 0.5055338541666666 0.842041015625 0.505859375 0.841552734375 0.5068359375 0.842041015625 0.5074869791666666 0.842041015625 0.5078125 0.842529296875 0.5084635416666666 0.84326171875 0.5087890625 0.845703125 0.5120442708333334 0.845947265625 0.5126953125 0.845947265625 0.517578125 0.845703125 0.5182291666666666 0.8447265625 0.5198567708333334 0.843505859375 0.521484375 0.8427734375 0.5227864583333334 0.84228515625 0.5237630208333334 0.8408203125 0.5276692708333334 0.84033203125 0.529296875 0.84033203125 0.5302734375 0.840087890625 0.53125 0.839599609375 0.5322265625 0.8388671875 0.533203125 0.837890625 0.5338541666666666 0.836181640625 0.5361328125 0.835205078125 0.537109375 0.83349609375 0.5384114583333334 0.830810546875 0.5416666666666666 0.828857421875 0.5442708333333334 0.822998046875 0.5524088541666666 0.82177734375 0.5537109375 0.820556640625 0.5546875 0.81884765625 0.5559895833333334 0.818359375 0.5563151041666666 0.81787109375 0.556640625 0.81689453125 0.5569661458333334 0.81591796875 0.5572916666666666 0.811767578125 0.55859375 0.810546875 0.5589192708333334 0.808837890625 0.5592447916666666 0.80712890625 0.5592447916666666 0.8056640625 0.5598958333333334 0.803955078125 0.5602213541666666 0.802001953125 0.5602213541666666 0.800048828125 0.560546875 0.79833984375 0.5611979166666666 0.794189453125 0.5611979166666666 0.790771484375 0.5621744791666666 0.787841796875 0.5625 0.783447265625 0.5625 0.781005859375 0.5631510416666666 0.774169921875 0.5631510416666666 0.77197265625 0.5641276041666666 0.767578125 0.5641276041666666 0.766845703125 0.564453125 0.76611328125 0.5654296875 0.76611328125 0.5706380208333334 0.766357421875 0.5712890625 0.76708984375 0.572265625 0.767578125 0.5725911458333334 0.769287109375 0.5729166666666666 0.77587890625 0.5729166666666666 0.783203125 0.5719401041666666 0.785400390625 0.5712890625 0.78759765625 0.5709635416666666 0.79052734375 0.5709635416666666 0.79248046875 0.5706380208333334 0.79736328125 0.5696614583333334 0.798583984375 0.5693359375 0.7998046875 0.5686848958333334 0.80126953125 0.5686848958333334 0.802734375 0.568359375 0.803955078125 0.5677083333333334 0.80517578125 0.5673828125 0.806640625 0.5670572916666666 0.80810546875 0.5670572916666666 0.810791015625 0.5660807291666666 0.816162109375 0.5651041666666666 0.832275390625 0.5654296875 0.835205078125 0.5654296875 0.838134765625 0.5651041666666666 0.83984375 0.5647786458333334 0.84130859375 0.564453125 0.843505859375 0.5638020833333334 0.845458984375 0.5628255208333334 0.846435546875 0.5625 0.84814453125 0.5621744791666666 0.849853515625 0.5618489583333334 0.852783203125 0.5615234375 0.8564453125 0.5615234375 0.859130859375 0.5608723958333334 0.864501953125 0.5608723958333334 0.865234375 0.5611979166666666 0.86572265625 0.5615234375 0.867431640625 0.5634765625 0.8681640625 0.5641276041666666 0.86865234375 0.564453125 0.87109375 0.564453125 0.8720703125 0.5641276041666666 0.87255859375 0.5638020833333334 0.874267578125 0.5615234375 0.874755859375 0.5611979166666666 0.875244140625 0.5608723958333334 0.8759765625 0.560546875 0.877197265625 0.560546875 0.8779296875 0.5608723958333334 0.879150390625 0.5618489583333334 0.88037109375 0.5625 0.882080078125 0.5625 0.883056640625 0.5621744791666666 0.884033203125 0.5615234375 0.886962890625 0.5595703125 0.8876953125 0.5589192708333334 0.888427734375 0.5579427083333334 0.888916015625 0.5569661458333334 0.88916015625 0.5563151041666666 0.889404296875 0.5556640625 0.89013671875 0.5524088541666666 0.89111328125 0.5501302083333334 0.89111328125 0.5485026041666666 0.889892578125 0.5432942708333334 0.8896484375 0.5423177083333334 0.888427734375 0.5397135416666666 0.888427734375 0.5377604166666666 0.888671875 0.537109375 0.8896484375 0.5358072916666666 0.89013671875 0.5354817708333334 0.890625 0.53515625 0.891357421875 0.5348307291666666 0.892822265625 0.5345052083333334 0.8935546875 0.5341796875 0.894287109375 0.5335286458333334 0.895751953125 0.533203125 0.896728515625 0.5319010416666666 0.897705078125 0.529296875 0.897705078125 0.5276692708333334 0.89697265625 0.5257161458333334 0.89697265625 0.5247395833333334 0.896728515625 0.5237630208333334 0.89599609375 0.5218098958333334 0.89501953125 0.5205078125 0.89453125 0.5192057291666666 0.89306640625 0.5172526041666666 0.892333984375 0.5166015625 0.890380859375 0.5152994791666666 0.8896484375 0.5149739583333334 0.888916015625 0.5146484375 0.884033203125 0.5146484375 0.883544921875 0.5143229166666666 0.883056640625 0.5139973958333334 0.881591796875 0.5120442708333334 0.88037109375 0.5094401041666666 0.88037109375 0.5091145833333334 0.880126953125 0.5087890625 0.879638671875 0.5084635416666666 0.878662109375 0.5081380208333334 0.87744140625 0.5078125 0.876220703125 0.5078125 0.874755859375 0.5084635416666666 0.87255859375 0.5084635416666666 0.87109375 0.5074869791666666 0.86962890625 0.5068359375 0.868408203125 0.5068359375 0.86767578125 0.5071614583333334 0.86572265625 0.5084635416666666 0.864501953125 0.5094401041666666 0.863525390625 0.5104166666666666 0.861328125 0.5130208333333334 0.860595703125 0.513671875 0.85888671875 0.5149739583333334 0.8583984375 0.5152994791666666 0.85791015625 0.515625 0.856201171875 0.515625 0.85546875 0.5152994791666666 0.85498046875 0.5149739583333334 0.854248046875 0.5143229166666666 0.853271484375 0.5130208333333334 0.8525390625 0.51171875 0.851806640625 0.5104166666666666 0.8515625 0.5094401041666666 0.85107421875 0.5084635416666666 0.849853515625 0.5068359375 0.84912109375 0.5061848958333334 0.84765625 0.5052083333333334 0.846923828125 0.5048828125 0.84619140625 0.5045572916666666
1 0.564453125 0.8730224717311817 0.058349609375 0.1396972440376366 0.55908203125 0.888671875 2 0.53759765625 0.8033854166666666 0.537109375 0.8050130208333334 0.537109375 0.8102213541666666 0.53759765625 0.8131510416666666 0.537841796875 0.8167317708333334 0.5380859375 0.82421875 0.5380859375 0.8395182291666666 0.537841796875 0.841796875 0.537353515625 0.84375 0.537353515625 0.845703125 0.537109375 0.8470052083333334 0.536865234375 0.8483072916666666 0.536376953125 0.849609375 0.5361328125 0.8509114583333334 0.535888671875 0.8522135416666666 0.53564453125 0.8538411458333334 0.535400390625 0.85546875 0.535400390625 0.861328125 0.53564453125 0.86328125 0.5361328125 0.8655598958333334 0.53759765625 0.8714192708333334 0.537841796875 0.8727213541666666 0.5380859375 0.875 0.538330078125 0.8779296875 0.538330078125 0.8831380208333334 0.538818359375 0.8850911458333334 0.538818359375 0.8870442708333334 0.5390625 0.888671875 0.539794921875 0.892578125 0.5400390625 0.8935546875 0.540283203125 0.89453125 0.541015625 0.896484375 0.54345703125 0.9010416666666666 0.544189453125 0.9033203125 0.54638671875 0.9075520833333334 0.546630859375 0.908203125 0.547607421875 0.9111328125 0.5478515625 0.912109375 0.548095703125 0.9130859375 0.548095703125 0.9176432291666666 0.5478515625 0.9189453125 0.547607421875 0.919921875 0.54736328125 0.9208984375 0.54638671875 0.9231770833333334 0.546142578125 0.9251302083333334 0.54638671875 0.9264322916666666 0.546875 0.9290364583333334 0.547119140625 0.9300130208333334 0.54736328125 0.9309895833333334 0.548095703125 0.93359375 0.548828125 0.935546875 0.5498046875 0.9371744791666666 0.550537109375 0.939453125 0.551025390625 0.9404296875 0.552490234375 0.9423828125 0.552978515625 0.9427083333333334 0.553466796875 0.9427083333333334 0.55419921875 0.9423828125 0.5546875 0.9420572916666666 0.55517578125 0.9417317708333334 0.55615234375 0.9404296875 0.55615234375 0.9348958333333334 0.556396484375 0.9342447916666666 0.55810546875 0.9319661458333334 0.5595703125 0.9309895833333334 0.56005859375 0.9309895833333334 0.560791015625 0.9313151041666666 0.5634765625 0.9348958333333334 0.56396484375 0.9352213541666666 0.56494140625 0.9352213541666666 0.5654296875 0.9348958333333334 0.566162109375 0.9339192708333334 0.566650390625 0.9329427083333334 0.567138671875 0.9313151041666666 0.5673828125 0.9300130208333334 0.5673828125 0.9251302083333334 0.56787109375 0.9235026041666666 0.568115234375 0.9235026041666666 0.568603515625 0.9231770833333334 0.569580078125 0.9248046875 0.5703125 0.9251302083333334 0.571044921875 0.92578125 0.572021484375 0.92578125 0.572998046875 0.9261067708333334 0.574462890625 0.9270833333333334 0.57568359375 0.9287109375 0.57666015625 0.9303385416666666 0.5771484375 0.9313151041666666 0.577392578125 0.9322916666666666 0.577392578125 0.9332682291666666 0.57763671875 0.9342447916666666 0.57861328125 0.935546875 0.57958984375 0.9361979166666666 0.58056640625 0.9358723958333334 0.5810546875 0.935546875 0.581787109375 0.9348958333333334 0.5830078125 0.9332682291666666 0.583740234375 0.9326171875 0.585205078125 0.931640625 0.5859375 0.9309895833333334 0.586669921875 0.9303385416666666 0.587158203125 0.9296875 0.58740234375 0.9290364583333334 0.587646484375 0.9283854166666666 0.58837890625 0.9254557291666666 0.588623046875 0.921875 0.5888671875 0.9205729166666666 0.589599609375 0.9186197916666666 0.591064453125 0.9166666666666666 0.591796875 0.9163411458333334 0.592529296875 0.9156901041666666 0.593505859375 0.9143880208333334 0.593505859375 0.9130859375 0.5927734375 0.9124348958333334 0.5908203125 0.9114583333333334 0.589599609375 0.9098307291666666 0.589599609375 0.9095052083333334 0.588623046875 0.908203125 0.588134765625 0.9078776041666666 0.58642578125 0.9072265625 0.5859375 0.9069010416666666 0.58544921875 0.9065755208333334 0.58447265625 0.9055989583333334 0.583251953125 0.9039713541666666 0.583251953125 0.9033203125 0.5830078125 0.9026692708333334 0.58349609375 0.9016927083333334 0.583984375 0.9007161458333334 0.584716796875 0.8997395833333334 0.58544921875 0.8990885416666666 0.586669921875 0.8987630208333334 0.587158203125 0.8984375 0.587890625 0.8974609375 0.587890625 0.8938802083333334 0.5869140625 0.892578125 0.585205078125 0.8916015625 0.583251953125 0.8899739583333334 0.58251953125 0.8893229166666666 0.58203125 0.888671875 0.581787109375 0.8880208333333334 0.58154296875 0.8870442708333334 0.58154296875 0.8850911458333334 0.581298828125 0.8837890625 0.580810546875 0.8831380208333334 0.579833984375 0.8828125 0.57763671875 0.8831380208333334 0.576416015625 0.8831380208333334 0.57568359375 0.8821614583333334 0.575439453125 0.8815104166666666 0.5751953125 0.8802083333333334 0.574951171875 0.8766276041666666 0.57470703125 0.8753255208333334 0.574462890625 0.8743489583333334 0.57421875 0.8733723958333334 0.57373046875 0.8717447916666666 0.5732421875 0.8707682291666666 0.57080078125 0.8675130208333334 0.569580078125 0.8662109375 0.56884765625 0.8655598958333334 0.567626953125 0.8649088541666666 0.565673828125 0.8623046875 0.5654296875 0.8616536458333334 0.565185546875 0.8610026041666666 0.564697265625 0.8577473958333334 0.564208984375 0.8561197916666666 0.5625 0.8515625 0.561767578125 0.8502604166666666 0.5595703125 0.8473307291666666 0.558837890625 0.845703125 0.5576171875 0.84375 0.5556640625 0.8408203125 0.552490234375 0.8369140625 0.551513671875 0.8356119791666666 0.55126953125 0.8349609375 0.551025390625 0.8343098958333334 0.55078125 0.8333333333333334 0.55029296875 0.830078125 0.5478515625 0.8209635416666666 0.547607421875 0.8196614583333334 0.54736328125 0.818359375 0.546875 0.8154296875 0.546875 0.8131510416666666 0.546630859375 0.8108723958333334 0.54638671875 0.8102213541666666 0.54541015625 0.8089192708333334 0.54443359375 0.8082682291666666 0.54296875 0.806640625 0.542236328125 0.8056640625 0.542236328125 0.8053385416666666 0.541748046875 0.8046875 0.541015625 0.8040364583333334 0.540283203125 0.8037109375
0 0.3972121755792758 0.7215025474600562 0.09641901485487614 0.03909125924655429 0.3701171875 0.7265625 2 0.396484375 0.7021484375 0.395263671875 0.7024739583333334 0.394287109375 0.7027994791666666 0.3935546875 0.703125 0.392822265625 0.7034505208333334 0.3916015625 0.7041015625 0.390380859375 0.7047526041666666 0.387451171875 0.7067057291666666 0.38623046875 0.7076822916666666 0.385498046875 0.7083333333333334 0.3828125 0.7112630208333334 0.382080078125 0.7119140625 0.38134765625 0.7125651041666666 0.380859375 0.712890625 0.380126953125 0.7132161458333334 0.37939453125 0.7135416666666666 0.377197265625 0.7141927083333334 0.375732421875 0.7145182291666666 0.37451171875 0.7145182291666666 0.373046875 0.71484375 0.3720703125 0.7151692708333334 0.37060546875 0.7158203125 0.368408203125 0.716796875 0.365966796875 0.7184244791666666 0.364990234375 0.71875 0.3642578125 0.71875 0.362060546875 0.7180989583333334 0.360595703125 0.7180989583333334 0.35888671875 0.7184244791666666 0.357666015625 0.71875 0.357177734375 0.7190755208333334 0.356689453125 0.7194010416666666 0.355712890625 0.7203776041666666 0.3544921875 0.7220052083333334 0.35400390625 0.7233072916666666 0.353759765625 0.724609375 0.35302734375 0.7259114583333334 0.3525390625 0.7272135416666666 0.3525390625 0.728515625 0.352294921875 0.7291666666666666 0.351806640625 0.7298177083333334 0.351318359375 0.7301432291666666 0.3505859375 0.7301432291666666 0.350341796875 0.73046875 0.349853515625 0.73046875 0.349609375 0.7311197916666666 0.34912109375 0.732421875 0.349365234375 0.7337239583333334 0.349609375 0.7347005208333334 0.35009765625 0.7353515625 0.3505859375 0.7350260416666666 0.351318359375 0.734375 0.352294921875 0.7330729166666666 0.353271484375 0.7320963541666666 0.354248046875 0.7314453125 0.355224609375 0.73046875 0.356689453125 0.728515625 0.357177734375 0.728515625 0.357666015625 0.7288411458333334 0.358154296875 0.7294921875 0.3583984375 0.7301432291666666 0.358642578125 0.7307942708333334 0.358642578125 0.7320963541666666 0.3583984375 0.7327473958333334 0.358154296875 0.7333984375 0.356689453125 0.7353515625 0.3564453125 0.7360026041666666 0.356689453125 0.7366536458333334 0.35693359375 0.7373046875 0.357421875 0.7379557291666666 0.357666015625 0.7386067708333334 0.35791015625 0.7399088541666666 0.35791015625 0.7408854166666666 0.3583984375 0.7408854166666666 0.359130859375 0.740234375 0.35986328125 0.740234375 0.36083984375 0.7395833333333334 0.36083984375 0.7392578125 0.361328125 0.7386067708333334 0.361572265625 0.7386067708333334 0.3623046875 0.7376302083333334 0.363037109375 0.7373046875 0.364013671875 0.7369791666666666 0.364990234375 0.7369791666666666 0.367431640625 0.73828125 0.368408203125 0.7386067708333334 0.37060546875 0.7386067708333334 0.37158203125 0.73828125 0.37255859375 0.7376302083333334 0.372802734375 0.7366536458333334 0.373046875 0.7347005208333334 0.37353515625 0.7333984375 0.3740234375 0.7327473958333334 0.37451171875 0.732421875 0.375244140625 0.7320963541666666 0.37744140625 0.7320963541666666 0.378173828125 0.732421875 0.37890625 0.7327473958333334 0.379638671875 0.7333984375 0.38037109375 0.734375 0.380859375 0.7347005208333334 0.381591796875 0.7347005208333334 0.382568359375 0.7337239583333334 0.384033203125 0.7320963541666666 0.384521484375 0.7317708333333334 0.385498046875 0.7314453125 0.386474609375 0.7311197916666666 0.38916015625 0.7307942708333334 0.390380859375 0.7301432291666666 0.3916015625 0.7298177083333334 0.393310546875 0.7294921875 0.395263671875 0.7294921875 0.39697265625 0.7291666666666666 0.398193359375 0.7288411458333334 0.3994140625 0.728515625 0.400390625 0.7281901041666666 0.401123046875 0.7278645833333334 0.40234375 0.7272135416666666 0.4033203125 0.7265625 0.40478515625 0.7255859375 0.40673828125 0.7236328125 0.407958984375 0.72265625 0.408935546875 0.7220052083333334 0.410400390625 0.7210286458333334 0.41162109375 0.720703125 0.412841796875 0.7197265625 0.415771484375 0.7184244791666666 0.4169921875 0.7180989583333334 0.41943359375 0.7174479166666666 0.421875 0.7171223958333334 0.42333984375 0.716796875 0.42529296875 0.7158203125 0.42626953125 0.7154947916666666 0.428466796875 0.71484375 0.4296875 0.7145182291666666 0.430908203125 0.7141927083333334 0.437255859375 0.7125651041666666 0.441162109375 0.7119140625 0.4423828125 0.7115885416666666 0.443359375 0.7112630208333334 0.444091796875 0.7109375 0.4453125 0.7099609375 0.445068359375 0.7093098958333334 0.444580078125 0.7083333333333334 0.443603515625 0.70703125 0.44287109375 0.7063802083333334 0.44091796875 0.705078125 0.43798828125 0.7037760416666666 0.436767578125 0.7034505208333334 0.43408203125 0.7034505208333334 0.432373046875 0.7041015625 0.430419921875 0.7044270833333334 0.42822265625 0.7044270833333334 0.42431640625 0.7057291666666666 0.422607421875 0.7060546875 0.419921875 0.7063802083333334 0.4169921875 0.7067057291666666 0.4130859375 0.7067057291666666 0.4091796875 0.7063802083333334 0.407470703125 0.7060546875 0.406005859375 0.7054036458333334 0.40380859375 0.7044270833333334 0.402587890625 0.7034505208333334 0.40185546875 0.703125 0.401123046875 0.7027994791666666 0.400146484375 0.7024739583333334 0.3974609375 0.7021484375
1 0.56787109375 0.6799957130431981 0.077880859375 0.06676638641360381 0.56591796875 0.67578125 2 0.57861328125 0.6468098958333334 0.57763671875 0.6471354166666666 0.576904296875 0.6474609375 0.576416015625 0.6477864583333334 0.57568359375 0.6484375 0.574951171875 0.6490885416666666 0.573974609375 0.650390625 0.573486328125 0.6507161458333334 0.572998046875 0.6507161458333334 0.572509765625 0.6510416666666666 0.57177734375 0.6516927083333334 0.56884765625 0.6555989583333334 0.5673828125 0.6536458333333334 0.567138671875 0.6526692708333334 0.565673828125 0.650390625 0.56494140625 0.6484375 0.564453125 0.6477864583333334 0.56396484375 0.6474609375 0.560546875 0.6474609375 0.56005859375 0.6477864583333334 0.559326171875 0.6487630208333334 0.558837890625 0.650390625 0.558349609375 0.6513671875 0.556884765625 0.6533203125 0.556396484375 0.654296875 0.5556640625 0.6565755208333334 0.55517578125 0.6575520833333334 0.553955078125 0.6591796875 0.55029296875 0.6637369791666666 0.54931640625 0.6643880208333334 0.54638671875 0.6682942708333334 0.545654296875 0.6689453125 0.54443359375 0.6695963541666666 0.543701171875 0.6702473958333334 0.542724609375 0.6712239583333334 0.541015625 0.6735026041666666 0.5400390625 0.67578125 0.539306640625 0.6770833333333334 0.53759765625 0.6796875 0.537353515625 0.6800130208333334 0.535400390625 0.6822916666666666 0.53466796875 0.6829427083333334 0.533203125 0.6839192708333334 0.5322265625 0.6848958333333334 0.53125 0.6861979166666666 0.530517578125 0.6875 0.530029296875 0.6884765625 0.529541015625 0.689453125 0.529296875 0.6901041666666666 0.529052734375 0.6907552083333334 0.529052734375 0.6946614583333334 0.530029296875 0.6956380208333334 0.530517578125 0.6959635416666666 0.531982421875 0.6966145833333334 0.533203125 0.697265625 0.535888671875 0.6982421875 0.536376953125 0.6985677083333334 0.536865234375 0.6988932291666666 0.5390625 0.7018229166666666 0.5400390625 0.7027994791666666 0.540771484375 0.7034505208333334 0.54150390625 0.7041015625 0.542724609375 0.705078125 0.543212890625 0.7054036458333334 0.543701171875 0.7057291666666666 0.54931640625 0.7093098958333334 0.552490234375 0.7112630208333334 0.55322265625 0.7115885416666666 0.55615234375 0.7125651041666666 0.557861328125 0.712890625 0.56005859375 0.7132161458333334 0.561279296875 0.7132161458333334 0.56396484375 0.712890625 0.567138671875 0.7119140625 0.56884765625 0.7115885416666666 0.574951171875 0.7119140625 0.580322265625 0.7119140625 0.581787109375 0.7109375 0.58349609375 0.708984375 0.58544921875 0.708984375 0.58740234375 0.7093098958333334 0.5888671875 0.7096354166666666 0.589599609375 0.7099609375 0.590087890625 0.7102864583333334 0.59228515625 0.712890625 0.592529296875 0.7122395833333334 0.5927734375 0.7115885416666666 0.5927734375 0.708984375 0.592529296875 0.7060546875 0.59228515625 0.7034505208333334 0.591796875 0.7018229166666666 0.591796875 0.7005208333333334 0.592529296875 0.6995442708333334 0.59326171875 0.69921875 0.5947265625 0.6988932291666666 0.595947265625 0.6988932291666666 0.597900390625 0.6998697916666666 0.598876953125 0.7001953125 0.599853515625 0.7001953125 0.601318359375 0.6995442708333334 0.602783203125 0.6995442708333334 0.604248046875 0.6985677083333334 0.60595703125 0.6962890625 0.606201171875 0.6956380208333334 0.6064453125 0.6946614583333334 0.606689453125 0.6917317708333334 0.606689453125 0.6901041666666666 0.6064453125 0.6888020833333334 0.60498046875 0.6832682291666666 0.604736328125 0.6826171875 0.6044921875 0.6819661458333334 0.60400390625 0.6809895833333334 0.603271484375 0.6800130208333334 0.602294921875 0.6790364583333334 0.600341796875 0.677734375 0.599609375 0.6774088541666666 0.598388671875 0.6770833333333334 0.5966796875 0.6767578125 0.594970703125 0.6767578125 0.593017578125 0.6764322916666666 0.59228515625 0.6761067708333334 0.591796875 0.67578125 0.59130859375 0.6751302083333334 0.591064453125 0.6744791666666666 0.5908203125 0.673828125 0.5908203125 0.6731770833333334 0.590576171875 0.6725260416666666 0.590087890625 0.6715494791666666 0.58935546875 0.6705729166666666 0.5888671875 0.6702473958333334 0.58837890625 0.669921875 0.587646484375 0.6695963541666666 0.58544921875 0.6695963541666666 0.58349609375 0.669921875 0.581298828125 0.6708984375 0.580078125 0.671875 0.579345703125 0.671875 0.57861328125 0.6715494791666666 0.577880859375 0.6708984375 0.576416015625 0.6705729166666666 0.575927734375 0.6702473958333334 0.575439453125 0.669921875 0.57470703125 0.6689453125 0.574462890625 0.6689453125 0.573974609375 0.6682942708333334 0.57373046875 0.6673177083333334 0.573486328125 0.6669921875 0.57275390625 0.6666666666666666 0.57177734375 0.6656901041666666 0.571533203125 0.6653645833333334 0.5712890625 0.6647135416666666 0.571044921875 0.6630859375 0.5712890625 0.6611328125 0.571533203125 0.6604817708333334 0.572021484375 0.6598307291666666 0.572509765625 0.6595052083333334 0.573486328125 0.6608072916666666 0.57470703125 0.6627604166666666 0.5751953125 0.6637369791666666 0.5751953125 0.6640625 0.576416015625 0.6643880208333334 0.576904296875 0.6640625 0.5791015625 0.6614583333333334 0.579345703125 0.6611328125 0.579345703125 0.6608072916666666 0.579833984375 0.6598307291666666 0.580810546875 0.658203125 0.5810546875 0.6578776041666666 0.58203125 0.6569010416666666 0.583251953125 0.65625 0.583984375 0.6552734375 0.58447265625 0.654296875 0.584716796875 0.6529947916666666 0.584716796875 0.6497395833333334 0.58447265625 0.6484375 0.583984375 0.6477864583333334 0.58349609375 0.6474609375 0.58251953125 0.6471354166666666 0.5810546875 0.6468098958333334
1 0.6301277835739849 0.5364305305349528 0.08715654222703029 0.046605084763427694 0.6142578125 0.5302734375 2 0.6220703125 0.5133463541666666 0.61962890625 0.5143229166666666 0.61572265625 0.5143229166666666 0.610107421875 0.513671875 0.60302734375 0.513671875 0.601318359375 0.5143229166666666 0.5986328125 0.5159505208333334 0.59521484375 0.5172526041666666 0.594482421875 0.517578125 0.59375 0.5182291666666666 0.593017578125 0.5188802083333334 0.59130859375 0.5211588541666666 0.589111328125 0.5231119791666666 0.588134765625 0.5244140625 0.587646484375 0.5260416666666666 0.586669921875 0.5276692708333334 0.5869140625 0.5296223958333334 0.587890625 0.5305989583333334 0.588623046875 0.5319010416666666 0.589111328125 0.5328776041666666 0.58935546875 0.5338541666666666 0.58984375 0.5348307291666666 0.590576171875 0.5361328125 0.591796875 0.5377604166666666 0.593994140625 0.5403645833333334 0.594970703125 0.5413411458333334 0.595703125 0.5419921875 0.596435546875 0.5426432291666666 0.59765625 0.5436197916666666 0.59814453125 0.5439453125 0.599853515625 0.5445963541666666 0.600341796875 0.544921875 0.600830078125 0.5452473958333334 0.6025390625 0.5465494791666666 0.603759765625 0.5475260416666666 0.60498046875 0.548828125 0.606201171875 0.5498046875 0.606689453125 0.5501302083333334 0.607421875 0.5504557291666666 0.610107421875 0.5514322916666666 0.611083984375 0.5517578125 0.6123046875 0.5520833333333334 0.613525390625 0.5524088541666666 0.614990234375 0.552734375 0.616943359375 0.552734375 0.62109375 0.5520833333333334 0.62353515625 0.5520833333333334 0.626953125 0.5530598958333334 0.629150390625 0.5533854166666666 0.63232421875 0.5533854166666666 0.63427734375 0.552734375 0.636962890625 0.5524088541666666 0.638916015625 0.5524088541666666 0.64208984375 0.5537109375 0.643798828125 0.5540364583333334 0.645751953125 0.5543619791666666 0.64794921875 0.5546875 0.650634765625 0.5546875 0.65234375 0.5550130208333334 0.65380859375 0.5553385416666666 0.655029296875 0.5556640625 0.656494140625 0.5563151041666666 0.65869140625 0.5576171875 0.659912109375 0.5579427083333334 0.662353515625 0.5582682291666666 0.666015625 0.5595703125 0.66748046875 0.5595703125 0.669677734375 0.5592447916666666 0.67041015625 0.5589192708333334 0.6708984375 0.55859375 0.671875 0.5576171875 0.672607421875 0.556640625 0.67333984375 0.5553385416666666 0.673583984375 0.5546875 0.673583984375 0.5533854166666666 0.67333984375 0.552734375 0.6728515625 0.5520833333333334 0.6728515625 0.5517578125 0.672607421875 0.5514322916666666 0.672119140625 0.5511067708333334 0.671630859375 0.55078125 0.6708984375 0.5504557291666666 0.66943359375 0.5501302083333334 0.666259765625 0.5498046875 0.664794921875 0.5494791666666666 0.66357421875 0.5491536458333334 0.66162109375 0.5481770833333334 0.659912109375 0.5478515625 0.65771484375 0.5478515625 0.656005859375 0.5475260416666666 0.654296875 0.5472005208333334 0.6513671875 0.5462239583333334 0.649658203125 0.5455729166666666 0.64453125 0.5432942708333334 0.641357421875 0.5416666666666666 0.640869140625 0.5413411458333334 0.640380859375 0.541015625 0.638671875 0.5387369791666666 0.637939453125 0.537109375 0.6376953125 0.5367838541666666 0.636474609375 0.5354817708333334 0.63525390625 0.5341796875 0.63427734375 0.5335286458333334 0.63330078125 0.5325520833333334 0.632080078125 0.5309244791666666 0.6318359375 0.5309244791666666 0.630859375 0.5296223958333334 0.6298828125 0.5279947916666666 0.628662109375 0.5260416666666666 0.627197265625 0.5231119791666666 0.62646484375 0.5211588541666666 0.625244140625 0.5179036458333334 0.625 0.5159505208333334 0.624755859375 0.5152994791666666 0.62451171875 0.5146484375 0.623779296875 0.513671875 0.623291015625 0.5133463541666666
1 0.45935702959039304 0.3800240143990831 0.046373831444213864 0.1328556170351672 0.469970703125 0.345703125 2 0.466796875 0.3138020833333333 0.466064453125 0.3141276041666667 0.465576171875 0.314453125 0.465087890625 0.3154296875 0.465087890625 0.3160807291666667 0.46533203125 0.3170572916666667 0.465576171875 0.3180338541666667 0.466064453125 0.3196614583333333 0.466796875 0.3209635416666667 0.467041015625 0.3219401041666667 0.46728515625 0.3238932291666667 0.46728515625 0.3248697916666667 0.467041015625 0.3258463541666667 0.46630859375 0.3271484375 0.466064453125 0.3277994791666667 0.4658203125 0.3287760416666667 0.465576171875 0.3297526041666667 0.46533203125 0.3330078125 0.46533203125 0.3369140625 0.465087890625 0.3382161458333333 0.46484375 0.3395182291666667 0.464599609375 0.3404947916666667 0.46435546875 0.3414713541666667 0.464111328125 0.3421223958333333 0.462646484375 0.3440755208333333 0.4619140625 0.3447265625 0.461181640625 0.3450520833333333 0.46044921875 0.345703125 0.45947265625 0.3470052083333333 0.45849609375 0.3473307291666667 0.4580078125 0.3470052083333333 0.45751953125 0.3466796875 0.4560546875 0.3453776041666667 0.45458984375 0.3444010416666667 0.453857421875 0.3440755208333333 0.452392578125 0.34375 0.451416015625 0.3434244791666667 0.450927734375 0.3430989583333333 0.4501953125 0.3424479166666667 0.447998046875 0.3391927083333333 0.447509765625 0.3385416666666667 0.44677734375 0.337890625 0.4462890625 0.3375651041666667 0.44580078125 0.3375651041666667 0.4453125 0.3372395833333333 0.44482421875 0.3365885416666667 0.4443359375 0.3362630208333333 0.44384765625 0.3359375 0.4423828125 0.3359375 0.44140625 0.3365885416666667 0.44189453125 0.337890625 0.44189453125 0.3391927083333333 0.442138671875 0.3401692708333333 0.4423828125 0.3408203125 0.44287109375 0.341796875 0.443603515625 0.3427734375 0.4443359375 0.3447265625 0.444580078125 0.345703125 0.4453125 0.3502604166666667 0.446533203125 0.3544921875 0.447265625 0.3583984375 0.447509765625 0.3603515625 0.447998046875 0.3658854166666667 0.4482421875 0.3675130208333333 0.448486328125 0.369140625 0.449462890625 0.3753255208333333 0.449951171875 0.3779296875 0.45068359375 0.3818359375 0.4521484375 0.3873697916666667 0.45263671875 0.3909505208333333 0.45361328125 0.3948567708333333 0.45458984375 0.3974609375 0.454833984375 0.3987630208333333 0.454833984375 0.4091796875 0.45458984375 0.41015625 0.4541015625 0.4117838541666667 0.451904296875 0.41796875 0.450927734375 0.4205729166666667 0.4501953125 0.421875 0.44921875 0.4231770833333333 0.44775390625 0.4264322916666667 0.447021484375 0.427734375 0.444580078125 0.4309895833333333 0.443359375 0.4329427083333333 0.44287109375 0.4339192708333333 0.441162109375 0.4375 0.440185546875 0.4401041666666667 0.43896484375 0.4417317708333333 0.4384765625 0.4420572916666667 0.4375 0.4420572916666667 0.43701171875 0.4423828125 0.4365234375 0.4430338541666667 0.4365234375 0.4436848958333333 0.436279296875 0.4443359375 0.43701171875 0.4453125 0.4375 0.4456380208333333 0.43798828125 0.4459635416666667 0.43896484375 0.4462890625 0.444580078125 0.4462890625 0.445556640625 0.4459635416666667 0.4462890625 0.4456380208333333 0.44677734375 0.4453125 0.449951171875 0.44140625 0.451416015625 0.439453125 0.4521484375 0.4371744791666667 0.45263671875 0.4361979166666667 0.45458984375 0.43359375 0.455322265625 0.4322916666666667 0.45654296875 0.4296875 0.45703125 0.4287109375 0.457763671875 0.42578125 0.458251953125 0.4244791666666667 0.45849609375 0.423828125 0.45947265625 0.421875 0.459716796875 0.4212239583333333 0.4599609375 0.4205729166666667 0.46142578125 0.4156901041666667 0.461669921875 0.4140625 0.4619140625 0.4130859375 0.46240234375 0.412109375 0.463623046875 0.41015625 0.46435546875 0.408203125 0.46484375 0.4072265625 0.466064453125 0.4055989583333333 0.468017578125 0.4033203125 0.469482421875 0.4020182291666667 0.4716796875 0.3990885416666667 0.47216796875 0.3981119791666667 0.47265625 0.3971354166666667 0.473388671875 0.3955078125 0.4736328125 0.3942057291666667 0.47412109375 0.3932291666666667 0.475341796875 0.3912760416666667 0.476318359375 0.388671875 0.4775390625 0.3828125 0.478271484375 0.380859375 0.478759765625 0.3802083333333333 0.4794921875 0.3782552083333333 0.480712890625 0.3736979166666667 0.4814453125 0.3707682291666667 0.48193359375 0.3678385416666667 0.482177734375 0.365234375 0.482421875 0.3629557291666667 0.482421875 0.3603515625 0.48193359375 0.3597005208333333 0.48095703125 0.3606770833333333 0.48046875 0.3610026041666667 0.4794921875 0.361328125 0.478271484375 0.361328125 0.4775390625 0.3610026041666667 0.475830078125 0.3587239583333333 0.4755859375 0.3580729166666667 0.475341796875 0.357421875 0.475341796875 0.3512369791666667 0.4755859375 0.3505859375 0.476806640625 0.3489583333333333 0.477783203125 0.3483072916666667 0.478759765625 0.3479817708333333 0.4794921875 0.3473307291666667 0.480224609375 0.3463541666666667 0.48046875 0.345703125 0.48046875 0.3408203125 0.480224609375 0.33984375 0.47998046875 0.3388671875 0.47900390625 0.3362630208333333 0.478759765625 0.3333333333333333 0.478759765625 0.3307291666666667 0.47900390625 0.3291015625 0.479248046875 0.3277994791666667 0.47998046875 0.3248697916666667 0.480224609375 0.32421875 0.48046875 0.3235677083333333 0.481689453125 0.3216145833333333 0.48193359375 0.3209635416666667 0.48193359375 0.3190104166666667 0.481689453125 0.318359375 0.48095703125 0.3173828125 0.478759765625 0.3160807291666667 0.47802734375 0.3167317708333333 0.477783203125 0.3177083333333333 0.477294921875 0.3186848958333333 0.47705078125 0.3196614583333333 0.47705078125 0.3206380208333333 0.477294921875 0.3209635416666667 0.477783203125 0.32421875 0.477783203125 0.3277994791666667 0.4775390625 0.3291015625 0.477294921875 0.3297526041666667 0.476806640625 0.3304036458333333 0.476318359375 0.3307291666666667 0.475830078125 0.3310546875 0.473876953125 0.3310546875 0.47314453125 0.3307291666666667 0.47265625 0.3304036458333333 0.471923828125 0.3297526041666667 0.47021484375 0.3271484375 0.469970703125 0.3268229166666667 0.469482421875 0.3264973958333333 0.46875 0.326171875 0.468017578125 0.3255208333333333 0.46728515625 0.3245442708333333 0.467529296875 0.3235677083333333 0.4677734375 0.3225911458333333 0.468017578125 0.3219401041666667 0.46826171875 0.3212890625 0.469970703125 0.3190104166666667 0.47021484375 0.318359375 0.470458984375 0.3173828125 0.470458984375 0.31640625 0.470703125 0.3160807291666667 0.470703125 0.3154296875 0.469970703125 0.314453125 0.469482421875 0.3141276041666667 0.4677734375 0.3138020833333333
1 0.21875 0.42445026162113697 0.061767578125 0.11687340023614816 0.208251953125 0.390625 2 0.216064453125 0.3662109375 0.215087890625 0.3665364583333333 0.214599609375 0.3668619791666667 0.213623046875 0.3681640625 0.21337890625 0.3688151041666667 0.213134765625 0.3694661458333333 0.2119140625 0.3753255208333333 0.21142578125 0.376953125 0.211181640625 0.3776041666666667 0.2109375 0.3782552083333333 0.21044921875 0.3792317708333333 0.209228515625 0.380859375 0.208251953125 0.3805338541666667 0.207275390625 0.3795572916666667 0.2060546875 0.3782552083333333 0.204833984375 0.3766276041666667 0.204833984375 0.3763020833333333 0.203857421875 0.375 0.203125 0.3743489583333333 0.20166015625 0.3733723958333333 0.201171875 0.3740234375 0.20068359375 0.375 0.200439453125 0.3756510416666667 0.2001953125 0.3766276041666667 0.199951171875 0.3798828125 0.19970703125 0.380859375 0.19921875 0.3818359375 0.19873046875 0.3824869791666667 0.197998046875 0.3831380208333333 0.196533203125 0.3831380208333333 0.19580078125 0.3828125 0.194580078125 0.3818359375 0.19384765625 0.3815104166666667 0.192626953125 0.3815104166666667 0.191650390625 0.3818359375 0.19091796875 0.3821614583333333 0.18994140625 0.3824869791666667 0.189453125 0.3831380208333333 0.189208984375 0.3831380208333333 0.18896484375 0.3834635416666667 0.188720703125 0.3841145833333333 0.18798828125 0.3870442708333333 0.18798828125 0.3883463541666667 0.188232421875 0.3893229166666667 0.1884765625 0.3902994791666667 0.189208984375 0.3922526041666667 0.189697265625 0.3929036458333333 0.1904296875 0.3948567708333333 0.19091796875 0.396484375 0.191162109375 0.3974609375 0.19140625 0.3994140625 0.19189453125 0.4013671875 0.192138671875 0.40234375 0.19287109375 0.4033203125 0.1943359375 0.4033203125 0.195068359375 0.4029947916666667 0.1962890625 0.4016927083333333 0.197021484375 0.4016927083333333 0.197998046875 0.4029947916666667 0.1982421875 0.4036458333333333 0.19970703125 0.408203125 0.20068359375 0.4095052083333333 0.201171875 0.4108072916666667 0.20166015625 0.412109375 0.2021484375 0.4140625 0.202880859375 0.416015625 0.2041015625 0.4176432291666667 0.204345703125 0.4176432291666667 0.205810546875 0.4195963541666667 0.205810546875 0.419921875 0.20751953125 0.4222005208333333 0.208251953125 0.4225260416666667 0.208984375 0.4231770833333333 0.21044921875 0.4251302083333333 0.212646484375 0.4300130208333333 0.213134765625 0.4309895833333333 0.2138671875 0.4322916666666667 0.215087890625 0.4342447916666667 0.216552734375 0.4365234375 0.216796875 0.4368489583333333 0.218017578125 0.4381510416666667 0.21875 0.4388020833333333 0.21923828125 0.4391276041666667 0.2197265625 0.439453125 0.22119140625 0.4401041666666667 0.22265625 0.4410807291666667 0.22412109375 0.4427083333333333 0.2255859375 0.4443359375 0.22705078125 0.4462890625 0.227783203125 0.4475911458333333 0.228271484375 0.4488932291666667 0.231689453125 0.4534505208333333 0.232421875 0.4547526041666667 0.233642578125 0.45703125 0.234130859375 0.4580078125 0.23486328125 0.4596354166666667 0.235595703125 0.4619140625 0.2373046875 0.4645182291666667 0.23828125 0.4671223958333333 0.239013671875 0.4680989583333333 0.23974609375 0.4700520833333333 0.240234375 0.4710286458333333 0.241455078125 0.4729817708333333 0.241943359375 0.4739583333333333 0.24365234375 0.4788411458333333 0.244140625 0.4798177083333333 0.244873046875 0.4807942708333333 0.247314453125 0.4827473958333333 0.248046875 0.4817708333333333 0.248291015625 0.4811197916666667 0.24853515625 0.48046875 0.24951171875 0.4768880208333333 0.24951171875 0.474609375 0.249267578125 0.4723307291666667 0.2490234375 0.470703125 0.248046875 0.466796875 0.247802734375 0.4661458333333333 0.24755859375 0.4654947916666667 0.24609375 0.4619140625 0.245361328125 0.4602864583333333 0.243408203125 0.4563802083333333 0.24267578125 0.455078125 0.24169921875 0.4537760416666667 0.240966796875 0.4524739583333333 0.24072265625 0.4514973958333333 0.240234375 0.4505208333333333 0.238037109375 0.4475911458333333 0.2373046875 0.4462890625 0.2353515625 0.4420572916666667 0.234375 0.4407552083333333 0.234130859375 0.4401041666666667 0.23388671875 0.439453125 0.233642578125 0.4378255208333333 0.2333984375 0.4339192708333333 0.2333984375 0.4296875 0.233154296875 0.427734375 0.232666015625 0.4241536458333333 0.231689453125 0.4189453125 0.230224609375 0.4137369791666667 0.22998046875 0.412109375 0.229736328125 0.41015625 0.229248046875 0.4039713541666667 0.22900390625 0.40234375 0.228759765625 0.4010416666666667 0.22802734375 0.3987630208333333 0.227783203125 0.3971354166666667 0.227783203125 0.3955078125 0.2275390625 0.3942057291666667 0.227294921875 0.3932291666666667 0.2265625 0.3916015625 0.226318359375 0.390625 0.22607421875 0.388671875 0.2255859375 0.3870442708333333 0.22509765625 0.3854166666666667 0.22412109375 0.3831380208333333 0.223876953125 0.3811848958333333 0.222900390625 0.37890625 0.222900390625 0.3717447916666667 0.222412109375 0.3704427083333333 0.221923828125 0.3697916666666667 0.22119140625 0.369140625 0.219970703125 0.3688151041666667 0.218994140625 0.3681640625 0.217529296875 0.3668619791666667 0.217041015625 0.3665364583333333
1 0.5555418370788471 0.4325893847016195 0.026855158532694157 0.02512070976342769 0.555908203125 0.4378255208333333 2 0.55859375 0.4202473958333333 0.55712890625 0.4205729166666667 0.556640625 0.4208984375 0.55615234375 0.4212239583333333 0.555419921875 0.421875 0.553466796875 0.4248046875 0.552978515625 0.4254557291666667 0.552001953125 0.4261067708333333 0.551513671875 0.42578125 0.551025390625 0.4251302083333333 0.548828125 0.423828125 0.548095703125 0.4235026041666667 0.546142578125 0.4231770833333333 0.54541015625 0.4231770833333333 0.544921875 0.423828125 0.54443359375 0.4248046875 0.543701171875 0.4270833333333333 0.54248046875 0.4290364583333333 0.542236328125 0.4296875 0.542236328125 0.4322916666666667 0.54248046875 0.4332682291666667 0.542724609375 0.4339192708333333 0.543212890625 0.4342447916666667 0.544189453125 0.4345703125 0.546142578125 0.4348958333333333 0.546875 0.4352213541666667 0.547607421875 0.435546875 0.548095703125 0.4358723958333333 0.548828125 0.4365234375 0.5498046875 0.4375 0.550537109375 0.4388020833333333 0.551025390625 0.439453125 0.55126953125 0.439453125 0.552001953125 0.4404296875 0.55322265625 0.44140625 0.55615234375 0.443359375 0.557373046875 0.4440104166666667 0.559814453125 0.4449869791666667 0.5615234375 0.4449869791666667 0.562255859375 0.4446614583333333 0.563720703125 0.4436848958333333 0.5654296875 0.44140625 0.56640625 0.4407552083333333 0.567626953125 0.4397786458333333 0.568115234375 0.4397786458333333 0.568603515625 0.439453125 0.56884765625 0.4348958333333333 0.567626953125 0.4332682291666667 0.566162109375 0.4322916666666667 0.565185546875 0.4313151041666667 0.563720703125 0.4293619791666667 0.563232421875 0.4283854166666667 0.56298828125 0.427734375 0.562744140625 0.4270833333333333 0.5625 0.4261067708333333 0.562255859375 0.4241536458333333 0.561279296875 0.4215494791666667 0.560546875 0.4205729166666667 0.56005859375 0.4202473958333333
