0 0.3842758903234975 0.4893923662437915 0.06957717127199509 0.1771381311811051 0.369140625 0.4117838541666667 2 0.36962890625 0.4016927083333333 0.3681640625 0.4036458333333333 0.363037109375 0.4166666666666667 0.35791015625 0.4244791666666667 0.353271484375 0.4345703125 0.3505859375 0.4443359375 0.349609375 0.4534505208333333 0.349609375 0.4635416666666667 0.351806640625 0.4765625 0.354248046875 0.4827473958333333 0.36279296875 0.4964192708333333 0.3671875 0.5048828125 0.37109375 0.5159505208333334 0.37451171875 0.5302734375 0.378662109375 0.5445963541666666 0.381103515625 0.5475260416666666 0.385009765625 0.5491536458333334 0.397216796875 0.5657552083333334 0.405517578125 0.5732421875 0.4072265625 0.5758463541666666 0.411376953125 0.5777994791666666 0.416259765625 0.5771484375 0.418212890625 0.57421875 0.4189453125 0.5712890625 0.41845703125 0.568359375 0.41650390625 0.5654296875 0.407958984375 0.5615234375 0.404296875 0.5559895833333334 0.402587890625 0.5520833333333334 0.396728515625 0.5442708333333334 0.393310546875 0.5413411458333334 0.391357421875 0.5387369791666666 0.38720703125 0.5302734375 0.385498046875 0.5250651041666666 0.3828125 0.5133463541666666 0.382568359375 0.5006510416666666 0.38330078125 0.4915364583333333 0.384521484375 0.4873046875 0.386474609375 0.4749348958333333 0.38671875 0.462890625 0.38330078125 0.4407552083333333 0.380859375 0.4342447916666667 0.381103515625 0.4290364583333333 0.38037109375 0.4235026041666667 0.38037109375 0.4186197916666667 0.382080078125 0.4143880208333333 0.382080078125 0.4127604166666667 0.380126953125 0.4078776041666667 0.376708984375 0.4036458333333333 0.372802734375 0.4010416666666667
1 0.33474323534090755 0.6414408861331629 0.11161381019967004 0.09114166523367428 0.297607421875 0.6640625 2 0.39013671875 0.599609375 0.38916015625 0.5970052083333334 0.38818359375 0.5960286458333334 0.385009765625 0.5970052083333334 0.3798828125 0.6009114583333334 0.37353515625 0.6070963541666666 0.36865234375 0.6106770833333334 0.36669921875 0.61328125 0.3623046875 0.6175130208333334 0.353759765625 0.6227213541666666 0.34716796875 0.6292317708333334 0.339599609375 0.6341145833333334 0.334228515625 0.63671875 0.3271484375 0.6393229166666666 0.317626953125 0.6393229166666666 0.310546875 0.642578125 0.302001953125 0.64453125 0.2939453125 0.6474609375 0.290283203125 0.6474609375 0.286865234375 0.6455078125 0.2841796875 0.6448567708333334 0.28369140625 0.6442057291666666 0.2822265625 0.6484375 0.279541015625 0.6516927083333334 0.279052734375 0.6529947916666666 0.280517578125 0.6591796875 0.279541015625 0.6637369791666666 0.27978515625 0.6676432291666666 0.28125 0.6695963541666666 0.285888671875 0.671875 0.2890625 0.6751302083333334 0.29150390625 0.6767578125 0.29541015625 0.6819661458333334 0.298583984375 0.6845703125 0.305908203125 0.6868489583333334 0.31103515625 0.6868489583333334 0.312255859375 0.685546875 0.312255859375 0.6842447916666666 0.30908203125 0.6803385416666666 0.30908203125 0.6793619791666666 0.3173828125 0.6673177083333334 0.321044921875 0.6637369791666666 0.32666015625 0.6595052083333334 0.33203125 0.6516927083333334 0.335205078125 0.6494140625 0.33740234375 0.6468098958333334 0.339599609375 0.6458333333333334 0.345703125 0.6412760416666666 0.351806640625 0.6357421875 0.35693359375 0.6324869791666666 0.362548828125 0.6276041666666666 0.36572265625 0.6256510416666666 0.370361328125 0.62109375 0.373779296875 0.6188151041666666 0.37646484375 0.6162109375 0.381591796875 0.6129557291666666 0.384033203125 0.609375 0.389892578125 0.6028645833333334 0.390380859375 0.6018880208333334
0 0.4456787109375 0.695963557937827 0.11572265625 0.051106738291012345 0.392578125 0.6829427083333334 2 0.387939453125 0.6832682291666666 0.387939453125 0.6858723958333334 0.388671875 0.6884765625 0.392578125 0.6956380208333334 0.39892578125 0.7044270833333334 0.40380859375 0.7093098958333334 0.40771484375 0.7122395833333334 0.423583984375 0.7203776041666666 0.427001953125 0.7213541666666666 0.43212890625 0.7213541666666666 0.43994140625 0.71875 0.451171875 0.7115885416666666 0.461181640625 0.7102864583333334 0.466552734375 0.708984375 0.469970703125 0.7073567708333334 0.474365234375 0.7067057291666666 0.48828125 0.7014973958333334 0.4921875 0.6995442708333334 0.496337890625 0.6959635416666666 0.501708984375 0.6891276041666666 0.50341796875 0.6852213541666666 0.50341796875 0.6790364583333334 0.50244140625 0.6761067708333334 0.50146484375 0.6751302083333334 0.498291015625 0.6751302083333334 0.49462890625 0.6780598958333334 0.489990234375 0.6842447916666666 0.481689453125 0.6904296875 0.470458984375 0.6953125 0.464599609375 0.6969401041666666 0.457763671875 0.6966145833333334 0.45263671875 0.6940104166666666 0.448486328125 0.6891276041666666 0.440673828125 0.6774088541666666 0.438720703125 0.67578125 0.43505859375 0.6741536458333334 0.419189453125 0.6705729166666666 0.406982421875 0.6708984375 0.392822265625 0.6735026041666666 0.3916015625 0.6748046875 0.390869140625 0.6774088541666666
1 0.43361884041153415 0.763508653585596 0.11357557144806829 0.11979024348408451 0.393310546875 0.7858072916666666 2 0.490234375 0.7041015625 0.48583984375 0.7037760416666666 0.483154296875 0.7060546875 0.47802734375 0.7086588541666666 0.4765625 0.7119140625 0.46484375 0.7291666666666666 0.458251953125 0.7376302083333334 0.44189453125 0.755859375 0.43603515625 0.7587890625 0.426025390625 0.7587890625 0.4208984375 0.7600911458333334 0.410888671875 0.7600911458333334 0.407470703125 0.7620442708333334 0.402587890625 0.7662760416666666 0.392822265625 0.7692057291666666 0.38525390625 0.7688802083333334 0.381103515625 0.7666015625 0.38037109375 0.7679036458333334 0.384033203125 0.7688802083333334 0.385009765625 0.7701822916666666 0.385009765625 0.7737630208333334 0.382568359375 0.7776692708333334 0.378173828125 0.7805989583333334 0.376953125 0.7825520833333334 0.376953125 0.7841796875 0.379150390625 0.787109375 0.381591796875 0.7923177083333334 0.38427734375 0.7936197916666666 0.38525390625 0.794921875 0.3876953125 0.8017578125 0.388671875 0.8020833333333334 0.3935546875 0.7965494791666666 0.3955078125 0.7955729166666666 0.396728515625 0.7958984375 0.399169921875 0.8014322916666666 0.400634765625 0.8092447916666666 0.408447265625 0.8209635416666666 0.422607421875 0.8232421875 0.424072265625 0.8229166666666666 0.425048828125 0.8209635416666666 0.425048828125 0.8196614583333334 0.424072265625 0.8180338541666666 0.41943359375 0.8180338541666666 0.41552734375 0.8170572916666666 0.41259765625 0.8131510416666666 0.407958984375 0.8089192708333334 0.406494140625 0.8040364583333334 0.40771484375 0.8020833333333334 0.410400390625 0.8001302083333334 0.410400390625 0.7985026041666666 0.407470703125 0.7965494791666666 0.406494140625 0.7952473958333334 0.40673828125 0.7936197916666666 0.408447265625 0.7923177083333334 0.41162109375 0.7919921875 0.41845703125 0.7893880208333334 0.423095703125 0.78515625 0.430908203125 0.7822265625 0.4345703125 0.779296875 0.44189453125 0.7688802083333334 0.44677734375 0.7643229166666666 0.46484375 0.7434895833333334 0.4736328125 0.7317708333333334 0.4873046875 0.7112630208333334 0.48828125 0.7083333333333334 0.490234375 0.7060546875
1 0.5089094452639726 0.7997771992596084 0.03905763167410581 0.22498544325286396 0.5107421875 0.8662109375 2 0.5087890625 0.6875 0.506103515625 0.6891276041666666 0.505859375 0.6910807291666666 0.5068359375 0.6966145833333334 0.50732421875 0.7054036458333334 0.50927734375 0.7109375 0.51123046875 0.7200520833333334 0.515625 0.7744140625 0.515869140625 0.8040364583333334 0.513916015625 0.8170572916666666 0.506591796875 0.8411458333333334 0.504638671875 0.84375 0.4990234375 0.8486328125 0.4970703125 0.8512369791666666 0.49560546875 0.85546875 0.4970703125 0.857421875 0.502197265625 0.8570963541666666 0.503662109375 0.861328125 0.5029296875 0.8639322916666666 0.50048828125 0.8681640625 0.4931640625 0.8779296875 0.48974609375 0.890625 0.489501953125 0.8935546875 0.4921875 0.8977864583333334 0.494140625 0.9026692708333334 0.49755859375 0.9059244791666666 0.506103515625 0.90625 0.5146484375 0.9046223958333334 0.517578125 0.9059244791666666 0.519287109375 0.91015625 0.5205078125 0.9117838541666666 0.52197265625 0.912109375 0.526123046875 0.9095052083333334 0.527587890625 0.9075520833333334 0.5283203125 0.9039713541666666 0.52734375 0.8990885416666666 0.527099609375 0.8902994791666666 0.5234375 0.880859375 0.52197265625 0.873046875 0.522705078125 0.8658854166666666 0.523681640625 0.8636067708333334 0.5263671875 0.8603515625 0.527099609375 0.8577473958333334 0.525390625 0.84765625 0.525634765625 0.8294270833333334 0.523681640625 0.81640625 0.52197265625 0.7744140625 0.518310546875 0.7470703125 0.517822265625 0.7366536458333334 0.51611328125 0.7275390625 0.515869140625 0.720703125 0.514404296875 0.7112630208333334 0.512451171875 0.7037760416666666 0.51123046875 0.6917317708333334 0.510498046875 0.6888020833333334
1 0.5571287264700624 0.6993642026265315 0.05981409356512468 0.05602419891360366 0.556640625 0.6995442708333334 2 0.5478515625 0.6715494791666666 0.546875 0.671875 0.546142578125 0.6722005208333334 0.54541015625 0.6725260416666666 0.54443359375 0.6735026041666666 0.54345703125 0.6754557291666666 0.541748046875 0.6787109375 0.540771484375 0.6813151041666666 0.540283203125 0.6819661458333334 0.53857421875 0.6822916666666666 0.537109375 0.6822916666666666 0.534912109375 0.6813151041666666 0.532470703125 0.6813151041666666 0.53173828125 0.6819661458333334 0.53076171875 0.6829427083333334 0.530029296875 0.6839192708333334 0.529296875 0.685546875 0.529052734375 0.6868489583333334 0.52880859375 0.6875 0.528076171875 0.6884765625 0.52783203125 0.6891276041666666 0.527587890625 0.6897786458333334 0.52734375 0.6943359375 0.52734375 0.6956380208333334 0.527587890625 0.7001953125 0.52783203125 0.7008463541666666 0.528076171875 0.7014973958333334 0.5283203125 0.7018229166666666 0.529541015625 0.703125 0.5302734375 0.7037760416666666 0.531005859375 0.7044270833333334 0.532958984375 0.7054036458333334 0.533447265625 0.7060546875 0.53369140625 0.7060546875 0.533935546875 0.7063802083333334 0.533935546875 0.7067057291666666 0.534912109375 0.7083333333333334 0.53515625 0.708984375 0.535400390625 0.7096354166666666 0.53564453125 0.7106119791666666 0.53564453125 0.7174479166666666 0.535888671875 0.7194010416666666 0.5361328125 0.720703125 0.536376953125 0.7213541666666666 0.536865234375 0.7220052083333334 0.537353515625 0.7220052083333334 0.537841796875 0.7223307291666666 0.5419921875 0.7216796875 0.54541015625 0.7216796875 0.546142578125 0.7220052083333334 0.547607421875 0.7229817708333334 0.549072265625 0.7252604166666666 0.549560546875 0.7259114583333334 0.55029296875 0.7265625 0.55078125 0.7268880208333334 0.55126953125 0.7272135416666666 0.552490234375 0.7272135416666666 0.552978515625 0.7268880208333334 0.553466796875 0.7255859375 0.5537109375 0.7242838541666666 0.5537109375 0.7229817708333334 0.553955078125 0.7216796875 0.55419921875 0.720703125 0.554443359375 0.7200520833333334 0.5546875 0.7194010416666666 0.55615234375 0.7174479166666666 0.557373046875 0.7164713541666666 0.558837890625 0.7154947916666666 0.560791015625 0.7145182291666666 0.5625 0.7132161458333334 0.563232421875 0.7122395833333334 0.56396484375 0.7115885416666666 0.564453125 0.7112630208333334 0.56494140625 0.7109375 0.56591796875 0.7106119791666666 0.56787109375 0.7102864583333334 0.570068359375 0.7102864583333334 0.572265625 0.7099609375 0.57373046875 0.7096354166666666 0.576171875 0.708984375 0.577392578125 0.7086588541666666 0.578125 0.7083333333333334 0.578857421875 0.7080078125 0.580078125 0.70703125 0.581298828125 0.7067057291666666 0.581787109375 0.7060546875 0.5810546875 0.7057291666666666 0.58056640625 0.705078125 0.580078125 0.7047526041666666 0.5791015625 0.7044270833333334 0.578125 0.7037760416666666 0.57763671875 0.703125 0.57568359375 0.7018229166666666 0.574462890625 0.7014973958333334 0.573974609375 0.701171875 0.573486328125 0.7005208333333334 0.57275390625 0.7001953125 0.572509765625 0.6988932291666666 0.57275390625 0.6982421875 0.5732421875 0.697265625 0.573974609375 0.6962890625 0.57470703125 0.6956380208333334 0.575927734375 0.6949869791666666 0.57861328125 0.6940104166666666 0.579345703125 0.6936848958333334 0.580078125 0.6930338541666666 0.580810546875 0.6920572916666666 0.58154296875 0.6901041666666666 0.581787109375 0.6888020833333334 0.581787109375 0.6871744791666666 0.58203125 0.6861979166666666 0.582763671875 0.6852213541666666 0.583251953125 0.6852213541666666 0.583984375 0.6845703125 0.585205078125 0.6829427083333334 0.585693359375 0.6819661458333334 0.586181640625 0.6809895833333334 0.58642578125 0.6803385416666666 0.586669921875 0.6793619791666666 0.5869140625 0.6751302083333334 0.586181640625 0.6748046875 0.583740234375 0.6748046875 0.583251953125 0.6751302083333334 0.58203125 0.6764322916666666 0.580810546875 0.6780598958333334 0.580078125 0.6787109375 0.579345703125 0.6793619791666666 0.57763671875 0.6806640625 0.576171875 0.6809895833333334 0.57568359375 0.6809895833333334 0.57470703125 0.6800130208333334 0.573974609375 0.6796875 0.5732421875 0.6793619791666666 0.57080078125 0.6793619791666666 0.569091796875 0.6800130208333334 0.56396484375 0.6800130208333334 0.55859375 0.6790364583333334 0.556884765625 0.6787109375 0.556396484375 0.6783854166666666 0.555908203125 0.6780598958333334 0.554443359375 0.6761067708333334 0.553955078125 0.6751302083333334 0.553466796875 0.6735026041666666 0.55224609375 0.671875 0.551025390625 0.6715494791666666
1 0.52685546875 0.7213248860508381 0.027587890625 0.0804622070649903 0.5283203125 0.7041015625 2 0.516357421875 0.6813151041666666 0.515625 0.681640625 0.514892578125 0.6819661458333334 0.514404296875 0.6822916666666666 0.513671875 0.6832682291666666 0.513427734375 0.6839192708333334 0.51318359375 0.6848958333333334 0.51318359375 0.685546875 0.513427734375 0.6875 0.513671875 0.6891276041666666 0.513916015625 0.6901041666666666 0.51416015625 0.6907552083333334 0.514892578125 0.6920572916666666 0.51513671875 0.6927083333333334 0.515380859375 0.6936848958333334 0.515625 0.6949869791666666 0.515625 0.70703125 0.515869140625 0.7099609375 0.51611328125 0.7119140625 0.51708984375 0.7161458333333334 0.517333984375 0.7177734375 0.517578125 0.7210286458333334 0.517822265625 0.7223307291666666 0.518310546875 0.7242838541666666 0.5185546875 0.7255859375 0.51904296875 0.7265625 0.519775390625 0.7275390625 0.520263671875 0.7278645833333334 0.520751953125 0.7281901041666666 0.523681640625 0.7281901041666666 0.5283203125 0.7278645833333334 0.529052734375 0.7281901041666666 0.52978515625 0.728515625 0.531005859375 0.7298177083333334 0.5322265625 0.7314453125 0.53271484375 0.732421875 0.533447265625 0.734375 0.53369140625 0.7353515625 0.53369140625 0.7376302083333334 0.532958984375 0.7389322916666666 0.5322265625 0.7399088541666666 0.53125 0.7408854166666666 0.53076171875 0.7412109375 0.5302734375 0.7415364583333334 0.52978515625 0.7415364583333334 0.529296875 0.7418619791666666 0.528564453125 0.7425130208333334 0.528076171875 0.7431640625 0.52783203125 0.744140625 0.527587890625 0.7451171875 0.527587890625 0.7483723958333334 0.52783203125 0.7496744791666666 0.528076171875 0.7506510416666666 0.5283203125 0.7516276041666666 0.528564453125 0.7522786458333334 0.529541015625 0.7535807291666666 0.531005859375 0.7545572916666666 0.532958984375 0.7571614583333334 0.53369140625 0.7594401041666666 0.53466796875 0.7607421875 0.53515625 0.7610677083333334 0.535888671875 0.7613932291666666 0.53662109375 0.7613932291666666 0.537109375 0.7607421875 0.537353515625 0.7607421875 0.53759765625 0.7604166666666666 0.539306640625 0.7578125 0.539794921875 0.7568359375 0.54052734375 0.7535807291666666 0.54052734375 0.751953125 0.540283203125 0.7513020833333334 0.53955078125 0.75 0.539306640625 0.7493489583333334 0.5390625 0.7483723958333334 0.5390625 0.7473958333333334 0.538818359375 0.7470703125 0.538818359375 0.7464192708333334 0.5390625 0.744140625 0.53955078125 0.7421875 0.53955078125 0.7317708333333334 0.539306640625 0.7307942708333334 0.5390625 0.7298177083333334 0.5380859375 0.7275390625 0.537841796875 0.7265625 0.53759765625 0.7255859375 0.53759765625 0.724609375 0.537353515625 0.7236328125 0.536865234375 0.72265625 0.53662109375 0.7216796875 0.536376953125 0.720703125 0.5361328125 0.7180989583333334 0.536376953125 0.7125651041666666 0.536376953125 0.7112630208333334 0.5361328125 0.7099609375 0.535888671875 0.708984375 0.53564453125 0.7083333333333334 0.535400390625 0.7076822916666666 0.534912109375 0.7067057291666666 0.5341796875 0.7057291666666666 0.533447265625 0.705078125 0.5322265625 0.7044270833333334 0.531494140625 0.7037760416666666 0.530517578125 0.7027994791666666 0.52880859375 0.7005208333333334 0.528564453125 0.6998697916666666 0.5283203125 0.69921875 0.528076171875 0.6975911458333334 0.52783203125 0.6959635416666666 0.52783203125 0.693359375 0.5283203125 0.6910807291666666 0.5283203125 0.689453125 0.528076171875 0.6884765625 0.527099609375 0.6871744791666666 0.526611328125 0.6868489583333334 0.52587890625 0.6868489583333334 0.525390625 0.6865234375 0.524169921875 0.6852213541666666 0.522705078125 0.6842447916666666 0.52099609375 0.6832682291666666 0.519775390625 0.6829427083333334 0.517578125 0.6813151041666666
1 0.36669921875 0.6778651564543905 0.060302734375 0.0840316282689697 0.361572265625 0.693359375 2 0.395263671875 0.6370442708333334 0.395263671875 0.6376953125 0.394775390625 0.638671875 0.394287109375 0.6393229166666666 0.3935546875 0.6396484375 0.392578125 0.6396484375 0.39208984375 0.6399739583333334 0.3916015625 0.6402994791666666 0.390380859375 0.6416015625 0.39013671875 0.6419270833333334 0.389404296875 0.6435546875 0.388916015625 0.6442057291666666 0.38818359375 0.6448567708333334 0.387451171875 0.6451822916666666 0.38623046875 0.6468098958333334 0.385498046875 0.6487630208333334 0.38330078125 0.6516927083333334 0.381103515625 0.6536458333333334 0.37939453125 0.6559244791666666 0.37744140625 0.66015625 0.37646484375 0.6617838541666666 0.374267578125 0.6647135416666666 0.373291015625 0.6656901041666666 0.37255859375 0.6663411458333334 0.369140625 0.6686197916666666 0.36669921875 0.669921875 0.364990234375 0.6702473958333334 0.3642578125 0.6705729166666666 0.363525390625 0.6708984375 0.363037109375 0.6712239583333334 0.3623046875 0.671875 0.361572265625 0.6725260416666666 0.359130859375 0.6754557291666666 0.357666015625 0.6764322916666666 0.35595703125 0.6770833333333334 0.3525390625 0.6793619791666666 0.351806640625 0.6800130208333334 0.3505859375 0.681640625 0.349853515625 0.6832682291666666 0.348876953125 0.6861979166666666 0.347900390625 0.6878255208333334 0.34765625 0.6891276041666666 0.347412109375 0.6897786458333334 0.346923828125 0.6907552083333334 0.345703125 0.6923828125 0.34521484375 0.6927083333333334 0.3447265625 0.6930338541666666 0.343994140625 0.6930338541666666 0.342529296875 0.6940104166666666 0.342041015625 0.6943359375 0.341796875 0.6946614583333334 0.341552734375 0.6953125 0.341552734375 0.6962890625 0.341796875 0.6969401041666666 0.34228515625 0.6975911458333334 0.342529296875 0.6982421875 0.3427734375 0.69921875 0.3427734375 0.7008463541666666 0.342529296875 0.7014973958333334 0.342041015625 0.7021484375 0.341064453125 0.7027994791666666 0.34033203125 0.7018229166666666 0.340087890625 0.701171875 0.340087890625 0.7001953125 0.33984375 0.69921875 0.339599609375 0.6985677083333334 0.33935546875 0.6982421875 0.3388671875 0.6979166666666666 0.337890625 0.6979166666666666 0.33740234375 0.6982421875 0.3369140625 0.6988932291666666 0.336669921875 0.6995442708333334 0.336669921875 0.7005208333333334 0.3369140625 0.7014973958333334 0.338134765625 0.705078125 0.33935546875 0.7067057291666666 0.339599609375 0.7073567708333334 0.33984375 0.7083333333333334 0.33984375 0.7099609375 0.340087890625 0.7112630208333334 0.34033203125 0.7119140625 0.34130859375 0.7132161458333334 0.342041015625 0.7135416666666666 0.3427734375 0.712890625 0.343505859375 0.7125651041666666 0.34423828125 0.7119140625 0.345458984375 0.7102864583333334 0.34814453125 0.7076822916666666 0.34912109375 0.70703125 0.350341796875 0.7086588541666666 0.3505859375 0.7096354166666666 0.351318359375 0.7109375 0.3515625 0.7112630208333334 0.351806640625 0.7112630208333334 0.352294921875 0.7119140625 0.354248046875 0.7119140625 0.35498046875 0.7115885416666666 0.3564453125 0.7106119791666666 0.3583984375 0.7106119791666666 0.35888671875 0.7109375 0.359619140625 0.7115885416666666 0.3603515625 0.7122395833333334 0.36279296875 0.7154947916666666 0.36376953125 0.7174479166666666 0.364501953125 0.71875 0.36474609375 0.7190755208333334 0.36572265625 0.7197265625 0.366455078125 0.7194010416666666 0.3671875 0.7190755208333334 0.367919921875 0.71875 0.36865234375 0.7177734375 0.368896484375 0.716796875 0.369384765625 0.71484375 0.36962890625 0.7135416666666666 0.369873046875 0.7119140625 0.369873046875 0.7054036458333334 0.36962890625 0.7041015625 0.368896484375 0.7018229166666666 0.36865234375 0.7001953125 0.36865234375 0.6959635416666666 0.368896484375 0.6949869791666666 0.369140625 0.6943359375 0.369873046875 0.6930338541666666 0.37060546875 0.6920572916666666 0.37158203125 0.6910807291666666 0.3720703125 0.6907552083333334 0.37255859375 0.6904296875 0.3740234375 0.6904296875 0.374755859375 0.6907552083333334 0.375244140625 0.6910807291666666 0.375732421875 0.69140625 0.377197265625 0.6936848958333334 0.377685546875 0.6943359375 0.3798828125 0.6969401041666666 0.380126953125 0.6979166666666666 0.380615234375 0.6975911458333334 0.380859375 0.6969401041666666 0.380859375 0.6904296875 0.38134765625 0.6891276041666666 0.3818359375 0.6884765625 0.382080078125 0.6884765625 0.3828125 0.6875 0.38330078125 0.6871744791666666 0.38427734375 0.6868489583333334 0.38525390625 0.6861979166666666 0.3857421875 0.685546875 0.385986328125 0.6848958333333334 0.38623046875 0.6813151041666666 0.386474609375 0.6806640625 0.38671875 0.6800130208333334 0.388427734375 0.677734375 0.388916015625 0.6767578125 0.38916015625 0.6761067708333334 0.389404296875 0.6754557291666666 0.389404296875 0.6744791666666666 0.38916015625 0.673828125 0.388427734375 0.6735026041666666 0.386962890625 0.6725260416666666 0.38623046875 0.671875 0.384765625 0.669921875 0.384521484375 0.6692708333333334 0.384521484375 0.6666666666666666 0.384765625 0.6647135416666666 0.385009765625 0.6640625 0.386474609375 0.662109375 0.38671875 0.662109375 0.38818359375 0.66015625 0.388916015625 0.6588541666666666 0.389892578125 0.65625 0.390625 0.6539713541666666 0.39111328125 0.6513671875 0.391357421875 0.650390625 0.391845703125 0.6497395833333334 0.39208984375 0.6484375 0.392333984375 0.6477864583333334 0.39306640625 0.6461588541666666 0.39453125 0.6435546875 0.394775390625 0.6429036458333334 0.39501953125 0.6422526041666666 0.39501953125 0.640625 0.396240234375 0.6389973958333334 0.396728515625 0.6380208333333334 0.396728515625 0.6363932291666666 0.396240234375 0.6360677083333334
1 0.467041015625 0.6428781685930504 0.069091796875 0.05636605864723262 0.45166015625 0.6412760416666666 2 0.447265625 0.6149088541666666 0.445556640625 0.6158854166666666 0.444091796875 0.6158854166666666 0.44287109375 0.6162109375 0.4423828125 0.6165364583333334 0.44189453125 0.6168619791666666 0.441162109375 0.6175130208333334 0.4404296875 0.6184895833333334 0.439697265625 0.619140625 0.439208984375 0.6194661458333334 0.43701171875 0.619140625 0.435791015625 0.619140625 0.43505859375 0.6194661458333334 0.4345703125 0.6197916666666666 0.433837890625 0.6204427083333334 0.432861328125 0.6217447916666666 0.4326171875 0.6223958333333334 0.4326171875 0.6233723958333334 0.433349609375 0.6259765625 0.43359375 0.62890625 0.43359375 0.6324869791666666 0.433837890625 0.6331380208333334 0.43505859375 0.634765625 0.436279296875 0.6357421875 0.43798828125 0.6380208333333334 0.4384765625 0.6393229166666666 0.439453125 0.6416015625 0.439697265625 0.6422526041666666 0.439697265625 0.6438802083333334 0.4384765625 0.6458333333333334 0.43701171875 0.6477864583333334 0.436767578125 0.6484375 0.436767578125 0.6494140625 0.43701171875 0.6500651041666666 0.437255859375 0.6507161458333334 0.43798828125 0.6520182291666666 0.438720703125 0.6526692708333334 0.439453125 0.6529947916666666 0.440673828125 0.6533203125 0.442626953125 0.6546223958333334 0.443359375 0.6552734375 0.4453125 0.6575520833333334 0.4462890625 0.6585286458333334 0.447021484375 0.6591796875 0.447509765625 0.6595052083333334 0.448486328125 0.6598307291666666 0.449462890625 0.6604817708333334 0.449951171875 0.6611328125 0.451416015625 0.662109375 0.45361328125 0.6630859375 0.45703125 0.6640625 0.458251953125 0.6650390625 0.458984375 0.6653645833333334 0.459716796875 0.6656901041666666 0.4609375 0.666015625 0.463134765625 0.6663411458333334 0.464111328125 0.6666666666666666 0.4658203125 0.6676432291666666 0.467041015625 0.66796875 0.469970703125 0.66796875 0.472412109375 0.6673177083333334 0.47607421875 0.6673177083333334 0.479248046875 0.66796875 0.480712890625 0.6682942708333334 0.48193359375 0.6686197916666666 0.485107421875 0.669921875 0.486328125 0.6702473958333334 0.487548828125 0.6702473958333334 0.490478515625 0.669921875 0.491943359375 0.6702473958333334 0.4931640625 0.6708984375 0.495849609375 0.6708984375 0.497802734375 0.6705729166666666 0.499267578125 0.6702473958333334 0.5 0.669921875 0.50048828125 0.6695963541666666 0.500732421875 0.6692708333333334 0.500732421875 0.6689453125 0.501220703125 0.6682942708333334 0.50146484375 0.666015625 0.50146484375 0.6640625 0.501220703125 0.6634114583333334 0.5009765625 0.6630859375 0.50048828125 0.6627604166666666 0.499755859375 0.6624348958333334 0.4990234375 0.662109375 0.4970703125 0.6617838541666666 0.49609375 0.6614583333333334 0.494384765625 0.6604817708333334 0.493408203125 0.66015625 0.49169921875 0.6598307291666666 0.488037109375 0.6591796875 0.482421875 0.6591796875 0.481201171875 0.6588541666666666 0.480224609375 0.6585286458333334 0.479248046875 0.658203125 0.47705078125 0.6572265625 0.4765625 0.6569010416666666 0.47607421875 0.6565755208333334 0.47509765625 0.6555989583333334 0.474365234375 0.6546223958333334 0.473876953125 0.6536458333333334 0.472900390625 0.6507161458333334 0.47216796875 0.6490885416666666 0.47021484375 0.6461588541666666 0.46826171875 0.6422526041666666 0.467529296875 0.640625 0.466552734375 0.6380208333333334 0.466064453125 0.6354166666666666 0.46484375 0.6315104166666666 0.464599609375 0.630859375 0.46337890625 0.6292317708333334 0.462646484375 0.62890625 0.461181640625 0.626953125 0.460693359375 0.6259765625 0.460205078125 0.625 0.459228515625 0.6223958333333334 0.4580078125 0.6207682291666666 0.457275390625 0.6204427083333334 0.4560546875 0.6188151041666666 0.45556640625 0.6171875 0.454345703125 0.6155598958333334 0.451171875 0.6155598958333334 0.448486328125 0.6149088541666666
1 0.4285888671875 0.6016915516306662 0.03173828125 0.0677757509053342 0.433349609375 0.6012369791666666 2 0.42333984375 0.5680338541666666 0.4228515625 0.5686848958333334 0.422607421875 0.5686848958333334 0.421142578125 0.5706380208333334 0.4208984375 0.5712890625 0.420654296875 0.5719401041666666 0.42041015625 0.5729166666666666 0.420166015625 0.5745442708333334 0.41943359375 0.580078125 0.419189453125 0.5826822916666666 0.4189453125 0.5859375 0.4189453125 0.5872395833333334 0.419189453125 0.5908203125 0.418701171875 0.5927734375 0.417724609375 0.5960286458333334 0.417724609375 0.5999348958333334 0.41748046875 0.6018880208333334 0.416748046875 0.6038411458333334 0.4150390625 0.6061197916666666 0.4150390625 0.6070963541666666 0.41552734375 0.6077473958333334 0.415771484375 0.6077473958333334 0.41650390625 0.6087239583333334 0.4169921875 0.6097005208333334 0.417236328125 0.6103515625 0.41748046875 0.6110026041666666 0.41748046875 0.6126302083333334 0.417236328125 0.61328125 0.4169921875 0.6139322916666666 0.41650390625 0.6145833333333334 0.41650390625 0.6149088541666666 0.416259765625 0.615234375 0.414794921875 0.6165364583333334 0.414306640625 0.6171875 0.413818359375 0.6181640625 0.41357421875 0.619140625 0.4130859375 0.62109375 0.412841796875 0.6236979166666666 0.412841796875 0.6272786458333334 0.4130859375 0.6279296875 0.413330078125 0.6285807291666666 0.4140625 0.6295572916666666 0.4150390625 0.6305338541666666 0.41552734375 0.630859375 0.416259765625 0.6311848958333334 0.417724609375 0.6315104166666666 0.4189453125 0.6321614583333334 0.41943359375 0.6324869791666666 0.42138671875 0.6344401041666666 0.4228515625 0.6354166666666666 0.423828125 0.6354166666666666 0.424560546875 0.6344401041666666 0.425048828125 0.6334635416666666 0.42529296875 0.6328125 0.425537109375 0.6321614583333334 0.42578125 0.630859375 0.42626953125 0.6295572916666666 0.4267578125 0.6285807291666666 0.42724609375 0.6276041666666666 0.427978515625 0.6263020833333334 0.428955078125 0.6246744791666666 0.429443359375 0.6240234375 0.4306640625 0.6227213541666666 0.432373046875 0.6214192708333334 0.433837890625 0.6194661458333334 0.43505859375 0.6181640625 0.435546875 0.6178385416666666 0.4365234375 0.6175130208333334 0.438720703125 0.6171875 0.439453125 0.6168619791666666 0.440185546875 0.6165364583333334 0.440673828125 0.6162109375 0.441650390625 0.615234375 0.443115234375 0.61328125 0.443603515625 0.6123046875 0.44384765625 0.611328125 0.444091796875 0.609375 0.4443359375 0.607421875 0.4443359375 0.6067708333333334 0.444091796875 0.6057942708333334 0.443115234375 0.6044921875 0.442626953125 0.6031901041666666 0.4423828125 0.6018880208333334 0.44189453125 0.6009114583333334 0.440673828125 0.5989583333333334 0.43994140625 0.5973307291666666 0.439697265625 0.5966796875 0.439453125 0.5950520833333334 0.439208984375 0.5944010416666666 0.43896484375 0.59375 0.4384765625 0.5927734375 0.437744140625 0.591796875 0.43701171875 0.5911458333333334 0.4365234375 0.5908203125 0.434814453125 0.5901692708333334 0.434326171875 0.58984375 0.433837890625 0.5895182291666666 0.431640625 0.587890625 0.430419921875 0.5869140625 0.429931640625 0.5862630208333334 0.4296875 0.5856119791666666 0.429443359375 0.5849609375 0.429443359375 0.58203125 0.42919921875 0.580078125 0.428955078125 0.5791015625 0.4287109375 0.578125 0.42724609375 0.57421875 0.42626953125 0.5719401041666666 0.424560546875 0.5690104166666666 0.424560546875 0.5686848958333334
1 0.7926025390625 0.804659199458673 0.05908203125 0.04920825594420153 0.77587890625 0.8063151041666666 2 0.81787109375 0.7802734375 0.8173828125 0.7805989583333334 0.81494140625 0.7828776041666666 0.813720703125 0.7841796875 0.81201171875 0.7867838541666666 0.811279296875 0.7874348958333334 0.809814453125 0.7884114583333334 0.80810546875 0.7897135416666666 0.8076171875 0.7900390625 0.80712890625 0.7903645833333334 0.802490234375 0.7932942708333334 0.801513671875 0.7936197916666666 0.80029296875 0.7936197916666666 0.798095703125 0.7945963541666666 0.796875 0.794921875 0.795166015625 0.7952473958333334 0.794189453125 0.7952473958333334 0.79248046875 0.794921875 0.791015625 0.7942708333333334 0.789306640625 0.7939453125 0.787353515625 0.7939453125 0.786865234375 0.7936197916666666 0.786376953125 0.7932942708333334 0.78564453125 0.7926432291666666 0.783935546875 0.7906901041666666 0.783447265625 0.7903645833333334 0.782958984375 0.7900390625 0.781982421875 0.7900390625 0.779541015625 0.7903645833333334 0.778564453125 0.7906901041666666 0.777099609375 0.7916666666666666 0.775634765625 0.7923177083333334 0.771728515625 0.7923177083333334 0.770263671875 0.7926432291666666 0.769287109375 0.79296875 0.766845703125 0.7939453125 0.766357421875 0.7942708333333334 0.765869140625 0.7945963541666666 0.764892578125 0.7958984375 0.7646484375 0.7965494791666666 0.764404296875 0.7975260416666666 0.764404296875 0.8001302083333334 0.764892578125 0.8024088541666666 0.76513671875 0.8063151041666666 0.76513671875 0.8108723958333334 0.764892578125 0.8125 0.7646484375 0.8138020833333334 0.76416015625 0.8151041666666666 0.763916015625 0.81640625 0.763671875 0.8177083333333334 0.763427734375 0.8199869791666666 0.76318359375 0.8225911458333334 0.76318359375 0.8258463541666666 0.763671875 0.8264973958333334 0.76513671875 0.8264973958333334 0.766845703125 0.8258463541666666 0.768310546875 0.8258463541666666 0.7685546875 0.826171875 0.770263671875 0.826171875 0.771240234375 0.8264973958333334 0.77197265625 0.8268229166666666 0.772705078125 0.8271484375 0.77490234375 0.8287760416666666 0.77587890625 0.8291015625 0.778076171875 0.8287760416666666 0.780029296875 0.8284505208333334 0.78125 0.828125 0.7822265625 0.8277994791666666 0.782958984375 0.8274739583333334 0.783447265625 0.8271484375 0.783935546875 0.8268229166666666 0.78466796875 0.826171875 0.786376953125 0.8245442708333334 0.78759765625 0.8232421875 0.788330078125 0.8219401041666666 0.788818359375 0.8209635416666666 0.789306640625 0.8193359375 0.789794921875 0.818359375 0.79150390625 0.8160807291666666 0.792236328125 0.8154296875 0.79296875 0.8147786458333334 0.79345703125 0.814453125 0.7939453125 0.8141276041666666 0.796630859375 0.8131510416666666 0.798583984375 0.8121744791666666 0.799072265625 0.8118489583333334 0.799560546875 0.8115234375 0.800537109375 0.810546875 0.80322265625 0.8069661458333334 0.8046875 0.8043619791666666 0.806640625 0.8017578125 0.808349609375 0.7998046875 0.8095703125 0.7985026041666666 0.810546875 0.7978515625 0.8115234375 0.796875 0.812744140625 0.7955729166666666 0.816162109375 0.791015625 0.81689453125 0.7903645833333334 0.818115234375 0.7897135416666666 0.819091796875 0.7887369791666666 0.8203125 0.787109375 0.822021484375 0.7845052083333334 0.822021484375 0.7828776041666666 0.821533203125 0.7822265625 0.8212890625 0.7822265625 0.820556640625 0.78125 0.819091796875 0.7802734375
